2 1
42 2
32 2
9 2
35 2
12 2
54 2
49 2
41 2
59 2
20 2
51 2
7 2
52 2
18 2
0 2
10 1
184 2
160 1
241 2
198 2
225 0
83 1
232 2
226 1
229 2
120 0
128 2
90 3
72 1
62 1
39 3
30 1
82 3
201 2
248 1
91 1
163 0
182 0
180 0
227 1
192 1
133 2
208 1
107 1
187 2
71 0
22 3
45 1
156 1
158 2
73 0
112 3
123 1
188 2
98 0
154 1
129 1
124 3
141 1
186 3
66 0
244 1
24 3
37 1
181 1
211 1
69 2
222 2
249 2
102 0
70 2
209 0
214 3
218 1
250 1
131 1
60 1
205 0
36 3
44 1
115 0
254 2
143 2
161 1
88 3
101 1
199 1
64 1
171 1
243 3
76 1
220 0
106 1
148 1
11 3
31 1
135 2
240 0
247 1
114 0
87 2
86 0
193 0
215 0
223 1
234 1
94 1
219 2
119 2
92 2
50 3
21 1
231 0
164 1
61 1
126 2
176 2
96 2
179 2
235 1
236 2
137 2
97 2
212 3
111 0
230 0
40 3
43 1
170 3
167 1
145 1
173 3
142 1
216 3
139 2
172 1
202 0
134 3
103 1
242 1
183 1
110 2
38 3
19 1
210 1
194 1
117 1
100 3
75 1
200 3
109 0
63 2
149 1
190 2
255 3
150 1
178 1
228 1
13 3
23 1
162 0
206 0
246 2
238 1
130 3
105 1
144 0
224 0
207 0
95 0
245 1
174 0
213 1
85 1
27 3
56 1
159 2
67 1
127 0
189 2
121 3
84 1
93 0
136 3
204 2
65 2
147 2
175 1
195 2
166 2
15 3
48 1
78 3
79 1
177 1
81 3
99 0
113 1
68 2
239 0
152 1
77 1
89 2
125 0
169 3
157 1
5 3
26 1
116 1
203 1
233 2
118 1
74 2
185 3
165 3
155 1
253 1
151 1
153 1
217 0
138 1
168 0
29 3
34 1
196 3
122 0
197 1
108 1
140 2
104 1
237 2
221 3
252 0
191 2
132 2
80 1
251 0
146 2
17 3
1 0
6 0
28 0
53 0
25 0
46 0
16 0
58 0
4 0
8 0
47 0
57 0
14 0
55 0
33 0
3 3
