1 1
35 2
9 2
26 2
13 2
4 2
52 2
34 2
24 2
32 2
12 2
33 2
15 2
31 2
10 2
3 2
11 1
224 2
248 1
78 2
121 0
159 0
212 2
251 3
108 1
135 2
84 1
201 3
192 1
219 1
229 3
20 3
49 1
105 1
145 1
91 1
122 0
144 1
149 2
63 1
176 3
183 1
75 1
216 1
238 1
204 1
234 1
57 3
23 1
206 0
81 1
162 1
119 2
180 3
221 1
152 3
95 0
157 0
246 1
247 1
131 0
236 0
153 1
39 3
54 1
205 2
127 1
156 2
66 2
64 0
86 1
245 1
61 2
104 1
199 0
97 0
112 2
117 1
225 1
25 3
19 1
249 3
235 3
80 0
254 2
214 1
120 3
76 3
96 1
123 1
215 0
60 2
65 1
166 3
174 3
50 3
7 1
242 2
124 1
142 1
116 0
138 2
208 0
182 3
137 3
222 1
139 3
200 1
190 2
253 2
111 3
40 3
17 1
102 0
239 0
217 0
181 1
168 3
151 1
143 1
133 0
99 0
227 1
146 0
232 3
226 1
69 1
36 3
43 1
89 0
154 1
202 0
134 3
118 1
228 0
255 2
130 2
125 1
220 2
167 0
126 1
73 1
74 0
46 3
21 1
240 2
209 0
194 2
244 0
179 0
241 1
170 1
98 2
185 2
94 1
155 2
67 0
79 0
243 0
56 3
27 1
109 1
196 2
203 1
233 2
114 1
93 1
128 1
191 2
189 0
169 2
177 2
72 2
193 1
132 0
22 3
14 1
110 1
100 3
77 1
198 3
186 1
210 0
136 0
147 0
150 2
187 2
101 1
68 0
223 1
88 0
53 3
55 1
173 0
211 1
161 2
141 1
171 3
195 2
172 2
207 1
213 2
62 2
148 1
70 2
158 0
85 2
41 3
30 1
163 2
92 0
90 2
184 2
87 0
115 1
175 0
231 1
71 2
197 0
164 1
107 1
103 1
83 1
38 3
8 1
252 0
250 0
237 2
160 0
188 3
140 0
178 2
218 0
82 1
230 0
113 3
129 1
165 2
106 2
5 3
2 0
28 0
44 0
37 0
48 0
47 0
51 0
18 0
42 0
45 0
59 0
16 0
58 0
6 0
29 0
0 3
