2 1
17 2
27 2
26 2
15 2
46 2
51 2
57 2
11 2
53 2
20 2
30 2
21 2
47 2
37 2
3 2
32 1
73 1
123 2
137 0
232 2
145 2
201 2
184 0
167 2
72 2
196 1
180 1
150 2
175 2
189 1
39 3
48 1
230 2
173 1
113 1
240 2
215 2
99 0
67 0
110 0
213 1
134 1
153 3
80 1
246 0
249 2
45 3
9 1
242 2
192 0
191 0
128 1
126 1
62 2
254 3
93 0
119 1
195 1
88 3
100 1
247 2
70 2
5 3
52 1
208 1
118 0
177 1
127 1
224 2
102 1
188 3
147 1
248 1
77 3
214 0
141 1
75 1
142 0
29 3
16 1
86 1
130 2
255 1
120 1
79 0
68 0
115 2
233 1
65 1
238 2
133 0
171 0
194 1
149 2
44 3
56 1
124 2
164 0
209 0
160 0
66 2
60 2
90 0
155 0
174 1
235 2
111 2
212 1
218 0
187 1
58 3
50 1
136 0
151 0
210 0
146 2
91 1
207 3
96 2
181 1
219 0
234 3
228 1
84 1
205 0
152 0
6 3
54 1
179 3
165 2
217 0
190 2
170 1
245 1
221 0
166 0
220 1
251 2
95 0
112 1
239 2
139 1
18 3
55 1
222 0
204 2
81 1
101 0
198 1
157 0
98 0
203 0
206 3
241 1
193 0
216 0
135 1
197 3
10 3
33 1
71 1
114 1
172 1
223 2
89 0
226 2
244 2
162 1
69 1
83 1
125 0
107 0
243 1
74 1
25 3
24 1
132 1
122 2
161 0
104 0
143 1
106 2
211 1
129 0
183 0
144 1
116 2
61 1
229 1
250 1
19 3
23 1
82 2
176 1
225 2
227 1
159 0
200 2
76 3
87 1
121 1
154 1
64 1
169 1
236 2
94 1
43 3
36 1
131 0
158 1
182 1
199 0
63 2
168 1
97 1
252 2
117 2
156 2
237 1
138 0
163 1
231 1
22 3
31 1
105 2
140 1
103 2
148 1
186 0
85 2
109 1
202 2
78 1
253 1
92 0
108 2
178 3
185 1
7 3
1 0
8 0
40 0
4 0
34 0
12 0
28 0
41 0
49 0
14 0
35 0
59 0
13 0
42 0
38 0
0 3