1 1
53 2
35 2
6 2
27 2
55 2
16 2
19 2
24 2
59 2
34 2
26 2
14 2
29 2
12 2
0 2
9 1
188 2
131 1
68 1
96 1
92 0
230 2
200 2
80 0
70 2
205 1
152 3
63 0
204 1
135 1
48 3
43 1
165 0
173 2
192 0
115 0
100 2
206 2
71 2
81 2
170 1
207 3
229 1
74 2
213 1
222 2
37 3
52 1
73 0
225 0
174 1
119 2
214 0
241 0
243 2
208 3
198 1
78 0
242 2
211 0
254 1
235 1
44 3
8 1
77 2
224 0
247 1
252 1
220 2
180 0
199 0
168 1
97 1
89 2
228 1
246 2
193 3
182 1
42 3
39 1
60 0
116 1
163 3
158 1
251 3
181 2
195 2
109 0
139 1
114 1
104 0
216 1
186 2
232 2
5 3
41 1
101 2
231 2
130 1
95 0
149 2
209 1
140 2
138 2
121 3
124 1
126 0
143 2
160 1
223 0
57 3
54 1
203 2
85 1
111 1
221 2
255 1
179 0
240 1
150 1
172 3
167 1
106 2
190 1
177 3
145 0
20 3
15 1
215 0
175 1
123 1
155 0
141 1
184 2
244 2
120 0
218 3
113 0
99 0
194 3
178 2
62 2
7 3
28 1
112 1
151 0
176 1
239 3
248 0
148 2
94 1
166 2
105 2
189 1
84 2
88 3
67 1
83 1
4 3
58 1
110 0
147 2
237 2
233 2
82 1
102 3
103 1
118 0
142 1
236 1
238 0
201 0
133 1
122 2
30 3
11 1
86 1
161 1
210 1
249 0
253 2
72 1
159 0
129 2
219 2
245 2
128 0
125 0
108 0
64 1
45 3
56 1
75 0
69 0
157 0
134 0
169 3
66 1
171 2
137 0
117 1
234 3
107 1
217 1
93 0
196 0
13 3
17 1
91 1
87 2
153 0
136 2
127 1
227 0
79 1
61 1
98 1
146 0
76 1
202 2
226 1
154 0
46 3
38 1
90 1
156 0
144 2
162 1
197 0
65 2
183 1
191 2
250 2
164 0
187 0
185 3
212 1
132 0
22 3
2 0
33 0
18 0
31 0
23 0
51 0
21 0
36 0
25 0
47 0
49 0
50 0
10 0
32 0
40 0
3 3
