1 1
24 2
43 2
17 2
12 2
58 2
20 2
7 2
27 2
44 2
32 2
15 2
59 2
33 2
21 2
0 2
4 1
93 1
103 1
108 2
164 3
142 1
101 0
197 1
118 2
251 2
234 1
189 2
255 3
134 0
175 0
46 3
13 1
148 1
253 2
169 1
186 1
75 1
63 3
73 1
230 0
123 3
135 1
105 2
179 1
128 2
167 2
8 3
40 1
83 2
229 0
69 0
153 1
207 2
104 1
78 1
99 0
72 0
236 2
86 0
239 2
127 1
248 1
35 3
56 1
183 0
195 0
60 1
146 2
66 0
64 0
188 3
193 1
67 2
187 1
243 1
182 1
217 1
233 3
18 3
47 1
131 0
76 3
84 1
120 1
77 0
79 2
214 3
223 1
90 1
185 0
240 0
116 1
206 3
110 0
36 3
51 1
109 2
199 1
150 1
254 0
100 2
81 0
112 1
224 3
65 1
198 3
210 1
145 1
133 2
102 2
41 3
25 1
139 0
220 1
106 1
173 1
151 1
94 2
107 1
68 2
177 2
115 1
192 1
215 1
122 3
138 1
42 3
6 1
201 1
158 0
246 1
213 2
216 1
155 0
74 1
114 3
113 1
130 1
168 0
117 3
141 1
126 0
57 3
26 1
111 1
157 2
82 1
237 2
204 0
170 2
252 3
147 3
178 2
165 2
171 2
80 1
87 3
62 1
16 3
29 1
152 0
225 0
129 0
159 0
235 2
203 3
208 1
181 2
121 2
96 2
247 0
205 3
212 1
238 3
53 3
11 1
163 2
143 1
92 3
89 1
226 3
231 1
132 2
232 1
242 1
190 0
172 0
160 1
200 3
194 1
39 3
50 1
180 2
245 1
191 3
97 3
85 1
176 2
184 1
91 0
95 0
156 0
144 2
149 1
71 1
166 2
9 3
5 1
222 0
196 2
202 1
221 3
174 2
125 2
250 0
70 2
209 1
162 2
140 3
227 1
88 1
228 1
48 3
38 1
219 3
218 1
161 3
154 1
244 1
98 0
249 1
211 0
119 2
241 1
137 1
61 2
136 1
124 0
19 3
2 0
37 0
14 0
31 0
22 0
45 0
28 0
55 0
30 0
10 0
34 0
54 0
23 0
52 0
49 0
3 3
