3 1
11 2
35 2
10 2
29 2
12 2
48 2
5 2
50 2
34 2
21 2
54 2
28 2
26 2
16 2
0 2
19 1
85 3
79 1
137 0
204 0
209 1
147 0
177 1
165 1
196 0
244 1
106 2
188 1
86 2
236 0
58 3
18 1
163 1
84 1
119 2
241 1
116 1
192 0
205 2
174 3
181 1
234 0
104 1
237 2
134 0
182 1
4 3
31 1
249 1
72 1
221 3
75 0
108 0
176 2
178 1
67 1
83 1
164 0
160 2
173 1
128 2
91 2
46 3
23 1
122 3
62 1
97 0
169 0
77 1
211 3
194 1
66 1
255 2
214 2
131 0
150 1
245 1
166 0
13 3
56 1
88 2
126 0
81 2
151 2
198 1
94 1
155 3
156 1
217 3
152 1
233 2
216 0
167 0
124 2
57 3
43 1
224 2
136 2
252 0
161 2
87 0
63 1
138 1
197 2
223 1
200 0
154 1
213 2
115 0
218 2
40 3
24 1
190 0
162 1
127 2
206 0
89 2
148 1
133 0
68 2
248 2
220 0
253 2
208 2
117 2
231 3
8 3
20 1
191 2
100 0
172 0
250 1
80 1
132 0
82 2
101 2
73 2
112 1
60 0
90 2
71 2
61 2
49 3
14 1
157 3
171 1
179 1
193 2
254 3
99 1
230 1
186 3
184 1
202 1
65 2
185 1
113 0
207 0
47 3
59 1
92 1
78 0
239 2
130 0
158 1
227 2
240 2
225 3
228 1
246 2
251 0
168 1
215 2
238 1
37 3
15 1
118 1
95 2
141 1
74 1
247 0
146 3
143 3
114 3
123 1
139 3
109 1
153 3
159 1
242 0
44 3
32 1
144 2
170 1
110 3
129 1
103 2
64 1
142 1
229 2
107 2
189 1
201 2
226 0
212 3
149 0
38 3
39 1
210 1
195 0
69 1
98 1
105 0
203 0
70 0
96 0
145 0
235 1
183 1
232 2
187 3
175 1
17 3
52 1
180 2
222 2
125 2
121 1
140 2
111 1
93 2
76 2
120 3
102 0
199 2
219 0
135 1
243 0
7 3
2 0
30 0
9 0
41 0
51 0
22 0
45 0
27 0
6 0
33 0
55 0
36 0
25 0
42 0
53 0
1 3
