3 1
49 2
11 2
27 2
54 2
31 2
26 2
21 2
19 2
24 2
7 2
58 2
4 2
45 2
9 2
1 2
15 1
81 1
77 2
130 2
60 3
115 1
72 2
217 1
149 1
94 1
213 1
137 1
61 2
235 1
236 2
53 3
35 1
194 0
163 1
114 0
135 2
240 0
169 1
190 1
222 3
165 2
127 0
230 1
132 3
131 1
210 1
41 3
13 1
152 3
146 1
182 0
229 1
205 2
211 0
73 1
123 3
201 2
202 0
183 3
67 0
171 2
93 1
17 3
38 1
151 1
164 1
155 0
113 2
71 0
128 1
209 3
160 2
99 1
180 2
244 1
87 2
177 1
63 3
39 3
44 1
237 2
158 2
170 2
122 3
107 1
218 1
141 1
206 0
153 3
145 1
85 1
95 1
204 2
62 1
32 3
34 1
203 1
220 3
216 1
174 3
100 0
233 1
96 0
110 1
226 0
191 0
239 0
156 1
129 1
159 3
18 3
57 1
189 2
253 2
248 0
178 2
92 0
215 0
89 2
91 0
88 0
192 2
80 1
251 0
150 2
173 2
43 3
6 1
126 0
162 0
82 2
172 3
195 0
214 1
109 0
200 1
86 2
74 1
121 2
75 1
207 0
184 3
56 3
37 1
193 3
64 0
161 1
116 0
196 2
69 0
250 0
238 1
142 1
232 3
199 0
198 2
68 1
90 1
23 3
48 1
243 3
66 2
185 1
133 2
247 0
97 2
212 3
111 0
227 2
102 1
255 2
112 0
223 2
140 1
51 3
5 1
187 1
245 1
147 0
176 1
166 0
231 1
228 0
179 0
118 0
249 0
242 1
103 2
148 1
138 3
28 3
47 1
186 0
119 0
167 2
134 0
144 1
197 1
181 2
175 1
65 3
84 1
254 1
139 0
252 2
143 0
46 3
52 1
105 1
106 3
108 1
104 2
168 1
221 2
208 1
125 1
124 3
219 2
241 2
136 0
225 1
157 2
8 3
14 1
79 3
70 1
154 1
246 1
224 2
188 2
101 1
98 0
234 0
117 1
78 0
83 2
120 0
76 2
29 3
0 0
16 0
50 0
10 0
25 0
33 0
59 0
20 0
55 0
30 0
12 0
36 0
22 0
40 0
42 0
2 3
