3 1
33 2
44 2
56 2
47 2
5 2
57 2
28 2
18 2
36 2
8 2
52 2
45 2
4 2
29 2
2 2
51 1
203 1
104 3
129 1
198 2
115 0
226 2
228 0
144 2
130 1
204 0
213 1
73 0
99 2
252 0
17 3
16 1
182 1
172 2
80 2
76 1
248 3
238 2
117 0
191 1
163 2
207 2
241 1
86 2
224 2
230 1
24 3
58 1
155 1
244 2
249 0
89 2
219 1
186 2
108 2
169 3
143 1
156 1
254 1
148 2
194 0
188 3
19 3
12 1
166 1
227 3
180 2
247 1
196 0
123 2
242 1
100 1
87 0
225 2
234 0
167 0
201 2
147 0
31 3
27 1
102 0
171 2
139 0
197 0
217 0
232 0
131 0
173 1
91 2
149 0
150 3
128 3
137 1
105 0
55 3
30 1
122 2
127 1
138 2
68 1
74 1
231 2
83 3
60 0
183 0
202 1
215 2
107 3
111 1
124 2
49 3
6 1
177 2
170 1
223 2
221 2
250 1
113 0
208 0
78 2
109 1
237 1
235 1
181 2
85 1
126 1
20 3
37 1
94 0
112 1
199 0
132 0
253 1
114 2
168 2
209 0
136 2
255 1
211 0
233 3
176 2
206 1
54 3
41 1
88 2
175 0
110 1
245 1
145 2
189 1
133 2
251 0
159 0
243 0
210 2
246 2
192 3
190 1
11 3
50 1
116 1
195 3
70 0
178 2
214 1
152 0
212 1
95 0
154 2
157 1
101 0
153 2
61 1
106 1
40 3
10 1
140 1
125 0
97 2
146 3
164 1
151 2
77 2
71 2
65 0
187 1
75 2
119 1
98 0
84 0
42 3
25 1
62 1
118 2
236 1
185 2
135 2
142 1
239 1
216 1
92 2
205 1
161 0
93 1
134 1
82 2
22 3
38 1
67 0
103 1
229 2
200 2
158 1
165 3
63 0
222 1
79 1
220 1
64 0
162 0
174 2
184 1
46 3
48 1
72 2
218 1
96 0
141 1
81 1
193 0
240 0
66 0
120 1
121 0
69 2
160 2
179 1
90 0
13 3
0 0
34 0
14 0
26 0
35 0
7 0
15 0
9 0
39 0
59 0
23 0
53 0
21 0
32 0
43 0
1 3
