3 1
40 2
13 2
4 2
27 2
55 2
47 2
5 2
50 2
41 2
17 2
51 2
34 2
45 2
8 2
1 2
21 1
112 2
222 1
71 2
135 2
244 1
87 3
66 1
109 1
211 2
123 2
85 0
160 1
100 2
88 0
19 3
37 1
230 2
95 3
110 0
60 3
82 1
86 1
158 1
196 2
178 2
75 0
207 1
202 2
224 2
99 2
48 3
39 1
93 1
115 1
134 2
90 2
184 3
193 1
148 3
161 1
198 1
163 3
164 1
176 2
189 1
214 0
9 3
56 1
200 2
101 1
172 3
155 1
220 3
206 0
142 2
114 3
107 1
192 3
188 1
80 2
215 0
197 1
30 3
38 1
72 1
125 0
177 0
209 1
171 3
149 1
143 2
152 1
233 2
157 0
234 2
217 0
133 3
68 3
15 3
42 1
98 0
81 1
106 1
151 1
144 0
228 1
132 1
180 1
226 3
77 0
73 2
213 0
212 0
203 2
54 3
44 1
79 2
204 3
119 0
219 0
92 2
186 0
179 0
117 0
166 0
241 2
205 1
64 2
145 0
235 1
25 3
33 1
78 2
225 1
61 1
201 2
97 1
169 2
69 1
141 2
254 2
210 2
252 3
94 3
76 1
127 3
31 3
53 1
236 0
243 0
190 2
250 2
137 1
175 1
150 3
146 1
208 3
194 1
221 1
111 1
167 0
128 0
10 3
23 1
89 0
246 0
121 3
103 1
247 0
231 0
218 2
162 0
245 0
199 2
232 1
237 1
156 2
248 1
6 3
20 1
63 2
165 1
195 1
91 1
118 0
120 0
173 1
154 2
223 3
138 3
129 1
182 2
251 1
140 2
58 3
52 1
62 1
139 3
124 1
253 1
102 2
108 1
113 1
159 3
153 1
242 1
227 3
74 1
105 2
185 1
7 3
14 1
126 0
170 1
191 0
238 0
187 3
174 0
84 2
83 0
116 1
255 2
216 1
239 1
131 3
104 1
57 3
29 1
136 2
229 2
181 2
240 2
168 0
183 2
249 1
67 2
122 3
70 0
96 0
65 2
147 2
130 3
28 3
0 0
46 0
11 0
49 0
59 0
18 0
36 0
24 0
22 0
43 0
16 0
26 0
35 0
12 0
32 0
2 3
