3 1
33 2
45 2
56 2
40 2
5 2
38 2
37 2
18 2
36 2
6 2
52 2
47 2
4 2
29 2
2 2
51 1
203 1
161 0
64 0
114 2
115 0
226 2
228 0
144 2
130 1
204 0
213 1
73 0
99 2
221 2
25 3
15 1
62 1
172 2
80 2
74 1
248 3
238 2
117 0
191 1
163 2
207 2
241 1
86 2
224 2
230 1
24 3
34 1
155 1
244 2
249 0
211 0
219 1
97 1
108 2
169 3
151 1
156 1
254 1
148 2
194 0
188 3
50 3
53 1
166 1
227 3
180 2
247 1
196 0
123 2
242 1
100 1
87 0
225 2
234 0
167 0
201 2
134 1
23 3
17 1
102 0
171 2
139 0
197 0
198 2
232 0
131 0
173 1
69 2
149 0
150 3
143 1
212 0
105 0
54 3
39 1
65 1
206 1
138 2
68 1
79 1
231 2
83 3
71 1
183 0
160 2
215 2
179 0
111 1
124 2
49 3
55 1
106 1
170 1
223 2
218 2
189 1
113 0
208 0
88 1
136 2
193 1
233 3
186 2
205 1
251 2
11 3
28 1
220 1
78 1
125 1
178 2
72 0
182 1
81 2
129 1
253 1
210 2
246 2
84 0
216 1
70 0
30 3
57 1
140 1
209 3
85 3
76 1
95 2
107 3
141 1
146 0
222 1
109 1
118 0
91 2
162 0
90 0
10 3
8 1
137 1
147 0
94 0
142 0
214 0
185 2
154 2
145 2
181 1
195 1
133 2
96 0
164 1
92 2
48 3
42 1
217 0
122 2
104 3
153 2
229 2
239 2
63 0
165 3
158 1
245 2
199 0
67 2
176 0
237 1
13 3
44 1
75 1
190 2
157 2
110 1
66 3
236 0
98 2
252 0
60 0
175 0
128 3
116 1
61 2
132 0
58 3
26 1
82 2
103 1
200 0
250 1
192 2
174 0
187 2
255 1
89 2
184 2
159 0
121 0
127 1
93 0
41 3
31 1
235 1
243 0
101 0
177 2
112 1
152 0
202 1
240 0
119 1
126 1
168 2
135 0
120 1
77 2
22 3
1 0
7 0
19 0
16 0
59 0
21 0
32 0
43 0
20 0
9 0
46 0
12 0
27 0
14 0
35 0
0 3
