0 1
58 2
33 2
6 2
29 2
55 2
49 2
41 2
42 2
56 2
40 2
13 2
4 2
57 2
16 2
3 2
18 1
169 1
182 1
109 1
229 2
217 0
196 2
194 1
213 0
244 1
119 2
242 1
99 2
237 3
92 2
47 3
36 1
112 2
179 0
174 3
186 1
113 1
235 1
79 2
224 1
230 1
98 1
96 0
78 1
221 0
220 1
22 3
17 1
114 1
145 1
187 2
232 0
239 0
80 2
226 3
228 1
97 2
134 0
72 2
153 0
168 2
124 2
19 3
48 1
191 3
128 1
89 0
227 2
202 2
233 0
197 0
142 2
164 1
108 2
69 0
146 2
188 1
171 0
24 3
5 1
70 0
209 0
150 0
65 1
136 1
252 0
205 2
85 0
68 0
81 2
129 1
90 3
75 1
208 2
59 3
44 1
60 1
207 2
144 1
137 0
160 0
178 2
251 1
190 0
86 2
254 3
162 1
238 0
149 2
203 1
39 3
35 1
140 2
185 3
189 1
139 2
253 2
156 3
161 1
147 1
155 2
192 1
61 0
64 0
123 0
105 3
38 3
7 1
245 1
126 3
122 1
154 1
77 0
76 0
87 3
66 1
215 0
183 0
93 2
248 1
83 3
67 1
9 3
15 1
94 1
91 1
199 0
125 1
101 2
250 1
82 0
143 2
163 1
195 1
107 2
184 1
120 1
132 1
34 3
30 1
151 0
102 1
193 0
173 0
121 0
211 3
63 2
148 1
212 3
110 0
216 2
243 1
103 2
127 1
10 3
14 1
166 2
165 1
177 2
106 0
104 2
170 1
210 3
204 1
138 1
133 2
222 0
255 3
234 2
249 1
27 3
31 1
180 3
181 1
240 0
84 1
246 0
172 0
158 0
219 2
100 1
118 0
62 3
73 1
236 2
95 3
26 3
20 1
198 1
152 0
200 1
218 2
157 1
131 3
117 1
231 1
241 0
223 0
201 0
88 0
111 0
247 1
45 3
53 1
176 2
116 1
141 2
115 2
225 0
130 1
167 1
159 1
175 2
74 1
206 2
71 2
135 2
214 1
32 3
1 0
12 0
37 0
46 0
50 0
8 0
43 0
23 0
51 0
21 0
28 0
52 0
11 0
54 0
25 0
2 3
