2 1
56 2
28 2
6 2
27 2
18 2
31 2
26 2
38 2
25 2
53 2
11 2
58 2
20 2
7 2
1 2
33 1
208 0
115 2
252 0
121 2
181 0
106 1
158 1
97 2
176 0
145 3
144 0
140 1
125 0
108 0
54 3
59 1
210 2
169 0
86 1
171 1
178 2
219 1
104 0
223 2
218 2
185 2
167 2
215 2
93 0
148 0
49 3
15 1
74 1
143 1
81 0
220 1
221 1
255 1
128 1
117 1
79 0
229 0
242 1
123 1
222 1
151 2
34 3
29 1
225 0
91 3
65 1
139 1
241 1
101 1
201 3
207 1
72 2
179 1
206 0
228 0
95 3
62 1
55 3
12 1
132 1
64 1
147 1
196 1
161 0
67 2
191 1
77 0
152 0
240 2
111 1
99 0
182 1
214 1
47 3
32 1
126 1
73 0
105 1
231 0
166 2
96 2
248 0
98 2
164 2
250 0
159 1
71 2
112 0
188 1
13 3
44 1
247 2
70 2
203 0
120 0
80 2
107 1
133 0
102 0
230 3
232 1
180 3
175 0
134 2
234 2
30 3
36 1
237 1
190 1
69 1
129 0
249 0
224 1
119 2
83 3
85 1
131 1
172 0
137 0
235 0
184 1
10 3
24 1
82 0
157 0
239 3
153 0
226 1
233 1
165 0
192 3
177 1
75 3
170 2
116 2
89 0
88 1
4 3
23 1
94 2
217 3
204 2
142 1
212 1
76 2
168 2
63 0
197 1
216 2
195 2
200 1
193 0
160 3
57 3
51 1
202 0
227 0
61 1
124 1
183 2
163 1
78 0
84 2
135 3
118 1
114 1
68 2
109 0
205 1
40 3
17 1
110 1
199 1
174 1
209 1
141 3
130 1
90 2
246 1
245 1
146 0
87 2
92 2
238 0
213 2
42 3
41 1
211 0
244 0
173 3
198 0
103 1
150 2
127 1
243 1
253 1
236 0
251 1
122 2
154 1
66 1
22 3
50 1
194 1
156 1
254 1
100 2
162 3
149 1
60 1
186 0
138 1
155 1
136 1
189 1
113 0
187 0
19 3
0 0
16 0
39 0
52 0
9 0
43 0
21 0
46 0
14 0
37 0
48 0
8 0
45 0
35 0
5 0
3 3
