3 1
11 2
48 2
5 2
57 2
33 2
18 2
19 2
54 2
41 2
31 2
49 2
58 2
39 2
25 2
0 2
17 1
85 3
98 1
137 0
204 0
182 1
62 1
125 2
165 1
209 1
244 1
106 2
188 1
86 2
236 0
30 3
42 1
159 1
84 1
119 2
241 1
116 1
192 0
205 2
174 3
181 1
234 0
104 1
237 2
134 0
177 1
26 3
55 1
249 1
72 1
221 3
75 0
108 0
176 2
178 1
67 1
83 1
164 0
160 2
173 1
128 2
208 2
12 3
35 1
122 3
118 1
97 0
169 0
74 1
211 3
194 1
66 1
255 2
214 2
131 0
150 1
245 1
124 2
4 3
6 1
88 2
126 0
81 2
151 2
92 1
94 1
155 3
156 1
217 3
152 1
233 2
216 0
167 0
71 2
52 3
28 1
224 2
136 2
252 0
161 2
87 0
63 1
138 1
197 2
223 1
200 0
154 1
213 2
115 0
218 2
23 3
53 1
79 1
162 1
127 2
206 0
89 2
148 1
133 0
113 0
248 2
220 0
253 2
111 1
117 2
251 0
51 3
16 1
191 2
100 0
172 0
250 1
80 1
132 0
82 2
222 2
246 2
112 1
60 0
185 1
68 2
183 1
47 3
59 1
157 3
171 1
179 1
193 2
254 3
99 1
230 1
186 3
184 1
202 1
65 2
147 0
61 2
121 1
38 3
24 1
90 2
78 0
239 2
130 0
158 1
227 2
240 2
225 3
228 1
242 0
103 2
168 1
215 2
238 1
13 3
20 1
149 0
95 2
141 1
91 2
247 0
146 3
143 3
114 3
123 1
139 3
109 1
153 3
163 1
73 2
10 3
56 1
144 2
170 1
110 3
129 1
166 0
64 1
142 1
229 2
107 2
189 1
201 2
77 1
212 3
196 0
46 3
45 1
210 1
195 0
226 0
190 0
105 0
203 0
70 0
96 0
145 0
235 1
207 0
232 2
187 3
175 1
32 3
37 1
231 3
101 2
198 1
180 2
140 2
69 1
93 2
76 2
120 3
102 0
199 2
219 0
135 1
243 0
14 3
2 0
36 0
21 0
29 0
9 0
43 0
22 0
44 0
27 0
8 0
40 0
50 0
7 0
15 0
34 0
1 3
