3 1
20 2
42 2
9 2
58 2
34 2
36 2
6 2
27 2
12 2
29 2
10 2
46 2
31 2
18 2
0 2
22 1
201 2
72 1
174 0
219 1
235 1
186 1
205 2
114 2
152 0
117 0
221 0
136 0
182 1
113 0
48 3
39 1
90 1
177 2
178 1
230 1
84 1
233 2
159 1
64 1
144 1
70 3
75 1
127 2
173 2
115 2
8 3
56 1
134 3
63 0
195 1
179 1
103 2
132 1
251 2
160 1
231 2
87 2
234 1
244 2
185 1
108 1
41 3
44 1
69 2
197 1
110 1
112 2
73 0
209 2
170 1
194 1
187 2
164 0
74 0
92 0
240 1
239 2
38 3
32 1
183 0
138 0
211 0
116 1
78 2
176 1
196 0
97 2
238 3
106 0
67 2
210 0
243 2
212 2
37 3
45 1
122 0
121 3
129 1
61 3
111 0
123 0
206 2
91 0
162 0
248 3
171 0
165 0
146 1
217 0
26 3
52 1
139 2
143 1
76 2
227 1
224 2
130 1
167 3
71 2
118 1
246 1
202 2
126 1
192 3
175 1
21 3
4 1
101 1
89 1
154 0
253 1
225 2
168 2
255 2
180 1
96 0
65 2
145 0
218 1
254 1
141 0
19 3
28 1
109 1
226 3
153 2
155 0
100 2
191 0
133 0
77 1
99 2
207 0
131 1
241 3
188 1
120 2
43 3
53 1
125 0
172 0
137 3
104 1
204 0
147 1
107 2
214 0
151 1
149 1
142 2
135 1
232 0
216 2
5 3
17 1
102 1
190 2
140 1
148 0
82 3
66 1
223 2
208 2
94 2
119 2
88 1
166 1
213 2
215 1
57 3
47 1
250 0
163 1
199 0
157 2
222 3
150 0
80 2
229 1
252 2
245 0
198 2
124 0
203 1
161 0
33 3
59 1
249 1
220 0
237 3
81 0
169 1
193 1
95 0
236 2
189 2
242 0
86 2
85 0
184 1
156 2
14 3
25 1
98 0
105 2
247 0
181 2
228 0
158 2
79 2
62 2
68 2
200 1
83 2
60 2
128 1
93 1
49 3
2 0
30 0
13 0
40 0
50 0
11 0
24 0
15 0
54 0
16 0
55 0
35 0
7 0
23 0
51 0
1 3
