1 1
54 2
16 2
43 2
8 2
20 2
36 2
45 2
25 2
53 2
59 2
33 2
46 2
38 2
17 2
0 2
13 1
164 1
61 2
109 1
228 2
209 2
245 3
137 3
114 1
155 1
93 0
206 1
141 0
87 2
124 2
57 3
40 1
134 1
113 0
221 0
211 1
184 1
88 1
89 1
240 1
157 3
95 2
251 0
117 2
233 1
128 0
23 3
49 1
198 2
77 2
138 0
80 1
143 3
202 0
246 3
207 0
253 3
82 2
244 1
76 1
243 1
132 2
7 3
58 1
151 1
183 0
152 2
100 3
63 1
174 1
180 3
125 0
169 3
149 1
111 3
130 1
119 2
235 1
30 3
5 1
154 1
187 3
67 0
90 2
142 1
71 1
170 0
199 0
133 0
216 0
205 2
203 1
237 0
189 2
18 3
41 1
123 1
241 1
60 1
162 3
213 2
218 1
153 2
92 2
110 2
222 2
227 2
118 3
156 2
195 2
51 3
50 1
191 1
188 0
177 2
166 0
192 0
173 1
101 3
94 1
248 2
129 1
127 0
200 1
78 2
224 0
21 3
9 1
136 1
175 2
193 1
158 2
147 3
150 1
254 0
106 0
97 0
131 1
120 2
215 1
252 1
99 0
19 3
27 1
116 1
75 1
208 2
255 0
190 2
238 2
220 1
159 0
79 2
86 0
161 3
232 1
85 1
83 2
31 3
24 1
212 3
68 1
98 1
65 0
96 2
165 1
210 1
160 2
145 1
81 2
104 2
148 1
176 1
239 1
48 3
15 1
126 1
219 1
108 2
84 2
229 0
72 1
66 2
115 3
107 1
223 1
196 2
204 1
103 3
102 0
42 3
26 1
74 1
121 2
62 1
217 0
214 0
185 2
172 0
247 2
225 1
194 1
73 0
140 1
167 2
201 1
55 3
29 1
182 2
242 1
226 2
112 2
139 2
178 1
168 2
122 1
186 1
231 3
91 2
144 0
230 0
179 0
28 3
11 1
171 2
181 1
234 2
250 1
146 2
69 1
135 2
70 0
197 1
236 2
64 2
105 0
163 0
249 1
14 3
3 0
22 0
44 0
34 0
6 0
32 0
47 0
56 0
39 0
52 0
4 0
10 0
35 0
12 0
37 0
2 3
