3 1
11 2
48 2
5 2
57 2
33 2
18 2
19 2
54 2
49 2
39 2
37 2
45 2
38 2
25 2
0 2
17 1
85 3
98 1
175 1
187 3
182 1
62 1
203 0
165 1
149 0
95 2
106 2
188 1
86 2
236 0
30 3
47 1
235 1
84 1
119 2
241 1
116 1
192 0
205 2
174 3
181 1
234 0
104 1
237 2
134 0
177 1
31 3
58 1
249 1
72 1
221 3
75 0
108 0
176 2
178 1
115 0
83 1
164 0
214 2
173 1
128 2
201 2
21 3
12 1
70 0
64 1
158 1
169 0
77 1
211 3
194 1
124 2
255 2
117 2
153 3
150 1
245 1
183 1
36 3
20 1
88 2
126 0
123 1
151 2
79 1
189 1
223 1
207 0
171 1
152 1
233 2
216 0
167 0
69 1
35 3
55 1
224 2
136 2
252 0
161 2
87 0
191 2
185 1
197 2
74 1
246 2
254 1
112 1
63 1
218 2
10 3
27 1
238 1
143 3
159 1
231 3
96 0
65 2
147 0
61 2
129 1
166 0
157 3
156 1
199 2
120 3
4 3
6 1
202 1
160 2
244 1
97 0
90 2
78 0
193 2
105 0
67 1
66 1
222 2
227 2
251 0
168 1
50 3
28 1
184 1
206 0
196 0
89 2
162 1
91 2
226 0
140 2
94 1
248 2
132 0
71 2
121 1
179 1
23 3
59 1
81 2
131 0
148 1
133 0
113 0
225 3
180 2
253 2
138 1
135 1
100 0
172 0
146 3
154 1
53 3
22 1
141 1
103 2
163 1
107 2
125 2
82 2
240 2
155 3
170 1
110 3
101 2
144 2
60 0
243 0
40 3
41 1
93 2
186 3
195 0
213 2
109 1
142 1
200 0
239 2
232 2
208 2
99 1
73 2
68 2
242 0
13 3
56 1
127 2
190 0
215 2
139 3
111 1
92 1
209 1
145 0
229 2
212 3
198 1
230 1
76 2
118 1
46 3
8 1
228 1
137 0
220 0
122 3
102 0
219 0
204 0
130 0
114 3
210 1
217 3
80 1
247 0
250 1
9 3
2 0
26 0
32 0
42 0
43 0
16 0
52 0
7 0
15 0
29 0
14 0
44 0
34 0
51 0
24 0
1 3
