1 1
51 2
16 2
36 2
44 2
9 2
29 2
45 2
56 2
41 2
17 2
53 2
34 2
58 2
20 2
0 2
12 1
185 2
71 2
222 1
80 0
218 2
199 2
230 1
253 0
249 2
129 2
154 1
72 0
122 3
111 1
48 3
28 1
136 1
143 2
157 1
100 2
160 0
212 1
155 1
184 0
87 0
164 0
162 1
250 3
104 0
159 1
22 3
57 1
228 2
245 1
255 1
130 2
150 2
197 0
168 0
115 0
86 2
148 2
126 3
131 1
110 0
132 2
24 3
14 1
97 0
210 0
192 1
219 1
243 2
200 2
156 2
79 3
63 1
107 2
125 2
163 2
121 2
181 2
43 3
31 1
235 2
201 2
207 3
196 0
140 0
89 2
124 3
105 1
149 1
74 1
165 0
214 0
251 0
204 0
42 3
25 1
146 2
183 1
239 0
208 2
254 2
188 3
182 1
215 1
244 2
137 0
158 2
178 1
229 1
191 2
13 3
47 1
234 1
152 3
119 1
98 0
60 2
64 1
225 2
99 2
117 2
108 2
190 1
109 1
195 0
238 2
35 3
50 1
232 1
241 1
177 3
96 2
161 3
237 1
246 2
67 1
95 1
85 0
193 1
198 2
209 2
167 0
10 3
8 1
231 1
206 0
180 2
141 3
123 1
116 1
172 0
176 0
233 1
106 2
66 0
112 2
113 0
203 0
30 3
6 1
62 1
202 2
216 0
194 3
252 0
205 2
189 2
169 0
92 0
145 2
94 2
91 1
83 3
76 1
21 3
32 1
135 3
127 1
223 2
101 0
217 3
220 1
248 2
133 2
70 2
153 1
236 1
179 0
166 1
247 1
54 3
39 1
151 2
73 2
174 2
175 1
240 2
170 1
186 1
93 0
211 1
69 1
120 1
187 2
147 1
134 0
5 3
18 1
144 2
221 0
118 1
82 0
173 1
114 1
103 0
90 0
138 2
77 0
224 1
227 1
226 0
102 2
40 3
27 1
139 1
242 1
213 2
84 2
68 3
81 1
128 1
61 3
75 1
142 1
65 0
171 1
88 0
78 3
38 3
2 0
26 0
59 0
19 0
23 0
55 0
37 0
46 0
11 0
49 0
52 0
4 0
7 0
15 0
33 0
3 3
