3 1
11 2
48 2
5 2
52 2
33 2
18 2
19 2
59 2
23 2
31 2
21 2
54 2
49 2
20 2
0 2
25 1
85 3
98 1
175 1
187 3
182 1
62 1
203 0
165 1
149 0
95 2
106 2
188 1
86 2
236 0
32 3
39 1
235 1
84 1
119 2
241 1
116 1
192 0
205 2
174 3
181 1
234 0
104 1
237 2
134 0
177 1
14 3
56 1
249 1
72 1
221 3
75 0
108 0
176 2
178 1
115 0
83 1
164 0
214 2
173 1
128 2
201 2
30 3
41 1
70 0
64 1
158 1
169 0
124 2
211 3
194 1
127 2
255 2
117 2
153 3
150 1
245 1
183 1
26 3
55 1
88 2
126 0
123 1
151 2
67 1
189 1
223 1
207 0
171 1
152 1
233 2
216 0
167 0
109 1
12 3
35 1
224 2
136 2
252 0
161 2
87 0
191 2
242 0
217 3
74 1
246 2
251 0
112 1
63 1
218 2
4 3
6 1
93 2
143 3
159 1
231 3
96 0
147 0
65 2
61 2
129 1
166 0
157 3
156 1
199 2
120 3
57 3
28 1
111 1
160 2
244 1
97 0
90 2
78 0
239 2
130 0
168 1
66 1
222 2
227 2
163 1
180 2
16 3
50 1
184 1
206 0
196 0
89 2
162 1
91 2
226 0
140 2
100 0
248 2
132 0
71 2
121 1
179 1
53 3
38 1
77 1
131 0
148 1
133 0
113 0
225 3
232 2
185 1
81 2
238 1
254 1
172 0
146 3
154 1
22 3
10 1
141 1
103 2
220 0
107 2
125 2
82 2
240 2
155 3
170 1
110 3
101 2
144 2
60 0
243 0
43 3
37 1
253 2
186 3
215 2
213 2
197 2
142 1
200 0
135 1
79 1
208 2
99 1
73 2
68 2
195 0
42 3
46 1
202 1
190 0
193 2
139 3
210 1
92 1
209 1
145 0
229 2
212 3
198 1
230 1
76 2
69 1
47 3
8 1
228 1
137 0
94 1
122 3
102 0
219 0
204 0
105 0
114 3
138 1
118 1
80 1
247 0
250 1
9 3
2 0
36 0
17 0
45 0
34 0
58 0
7 0
15 0
27 0
29 0
13 0
44 0
40 0
51 0
24 0
1 3
