3 1
28 2
26 2
10 2
30 2
6 2
27 2
12 2
52 2
47 2
22 2
51 2
39 2
42 2
13 2
1 2
21 1
112 2
197 0
139 2
249 2
195 1
73 2
122 0
189 0
92 1
129 0
125 0
191 1
187 0
220 1
7 3
32 1
160 2
252 1
237 3
133 1
82 1
87 1
102 2
107 1
215 1
111 2
75 2
174 2
134 3
137 1
50 3
40 1
141 1
130 1
132 0
173 3
162 1
128 1
151 1
152 1
236 0
79 2
254 3
230 3
232 1
124 1
41 3
55 1
183 0
165 2
199 2
116 0
91 1
231 0
239 2
71 1
226 0
223 1
64 2
65 0
147 2
98 3
38 3
35 1
181 2
196 1
212 1
106 2
175 1
78 1
255 1
171 0
251 0
228 1
74 1
69 2
207 1
221 1
25 3
11 1
166 1
227 3
182 1
138 3
127 1
157 0
241 0
63 1
84 1
161 1
144 0
77 0
198 3
208 1
31 3
49 1
123 1
180 1
76 1
66 0
243 1
154 2
186 2
202 2
213 2
163 1
156 2
85 2
168 3
86 3
44 3
59 1
190 1
131 0
94 1
60 1
205 2
244 2
217 0
240 1
81 3
83 1
97 1
114 2
225 0
214 1
8 3
17 1
67 1
103 2
142 1
234 1
72 0
176 1
145 0
118 0
121 0
110 2
201 1
159 2
170 3
167 1
29 3
46 1
80 0
210 2
90 2
245 0
70 2
89 1
143 1
61 1
126 2
206 1
113 0
136 0
96 2
194 0
14 3
4 1
185 0
135 0
216 1
200 0
100 1
222 1
253 2
242 0
120 2
158 0
95 2
119 2
238 1
211 2
48 3
5 1
177 1
109 2
101 2
218 2
184 2
68 0
62 2
155 1
150 1
149 2
88 2
188 1
172 0
229 0
9 3
43 1
247 1
164 0
204 2
108 1
140 0
246 2
250 2
178 0
209 1
99 1
224 1
153 2
192 0
169 2
58 3
57 1
203 1
148 2
104 2
179 1
117 2
233 1
248 0
105 1
93 1
115 1
193 1
219 0
146 1
235 2
34 3
0 0
23 0
24 0
20 0
53 0
19 0
18 0
36 0
15 0
37 0
45 0
33 0
54 0
16 0
56 0
2 3
