3 1
11 2
48 2
5 2
52 2
33 2
18 2
24 2
54 2
23 2
31 2
12 2
57 2
39 2
25 2
0 2
17 1
85 3
98 1
175 1
187 3
182 1
62 1
203 0
165 1
149 0
95 2
106 2
188 1
86 2
236 0
30 3
38 1
235 1
84 1
119 2
241 1
116 1
192 0
205 2
174 3
181 1
234 0
104 1
237 2
134 0
177 1
14 3
47 1
249 1
72 1
221 3
75 0
108 0
176 2
178 1
115 0
83 1
164 0
214 2
173 1
128 2
201 2
58 3
56 1
70 0
64 1
158 1
169 0
77 1
211 3
194 1
127 2
255 2
117 2
153 3
150 1
245 1
183 1
34 3
41 1
88 2
126 0
123 1
151 2
79 1
189 1
223 1
207 0
171 1
152 1
233 2
216 0
167 0
208 2
26 3
55 1
224 2
136 2
252 0
161 2
87 0
191 2
185 1
197 2
253 2
247 0
114 3
112 1
63 1
218 2
10 3
35 1
238 1
143 3
159 1
231 3
96 0
65 2
147 0
61 2
129 1
166 0
157 3
156 1
199 2
120 3
46 3
6 1
202 1
160 2
244 1
97 0
90 2
78 0
193 2
130 0
67 1
66 1
222 2
227 2
251 0
226 0
37 3
36 1
184 1
206 0
196 0
89 2
162 1
91 2
168 1
124 2
94 1
248 2
220 0
246 2
121 1
229 2
15 3
22 1
69 1
131 0
148 1
133 0
113 0
225 3
180 2
122 3
138 1
81 2
100 0
172 0
146 3
154 1
43 3
40 1
141 1
103 2
163 1
107 2
125 2
82 2
240 2
155 3
170 1
110 3
76 2
144 2
60 0
243 0
32 3
4 1
92 1
186 3
118 1
213 2
109 1
142 1
200 0
239 2
232 2
135 1
250 1
73 2
68 2
195 0
21 3
13 1
140 2
190 0
145 0
139 3
111 1
212 3
209 1
215 2
179 1
74 1
80 1
132 0
71 2
101 2
59 3
42 1
102 0
219 0
105 0
137 0
204 0
210 1
198 1
230 1
217 3
93 2
254 1
99 1
228 1
242 0
49 3
2 0
27 0
7 0
19 0
16 0
51 0
20 0
50 0
9 0
44 0
28 0
29 0
8 0
45 0
53 0
1 3
