3 1
33 2
44 2
56 2
39 2
5 2
57 2
28 2
18 2
36 2
6 2
52 2
34 2
4 2
29 2
2 2
51 1
203 1
161 0
74 1
114 2
115 0
226 2
228 0
144 2
130 1
204 0
213 1
73 0
99 2
252 0
25 3
16 1
62 1
172 2
80 2
64 0
248 3
238 2
117 0
191 1
163 2
207 2
157 2
86 2
224 2
230 1
24 3
58 1
155 1
244 2
249 0
89 2
219 1
97 1
108 2
169 3
151 1
156 1
254 1
148 2
194 0
188 3
15 3
10 1
166 1
227 3
180 2
247 1
196 0
246 2
242 1
100 1
87 0
225 2
234 0
167 0
201 2
147 0
31 3
26 1
102 0
171 2
139 0
197 0
198 2
232 0
131 0
173 1
69 2
149 0
150 3
143 1
177 2
105 0
55 3
30 1
122 2
206 1
138 2
68 1
79 1
231 2
83 3
71 1
183 0
160 2
215 2
179 0
111 1
124 2
49 3
8 1
106 1
170 1
223 2
218 2
84 0
113 0
208 0
88 1
136 2
135 0
233 3
235 1
237 1
70 0
11 3
42 1
125 1
178 2
72 0
182 1
81 2
129 1
253 1
210 2
211 0
93 0
216 1
251 2
94 0
82 2
35 3
45 1
85 3
76 1
95 2
107 3
141 1
146 0
137 1
109 1
229 2
91 2
162 0
90 0
212 0
98 2
12 3
32 1
189 1
142 0
187 2
185 2
154 2
145 2
181 1
195 1
199 0
96 0
164 1
92 2
217 0
140 1
46 3
41 1
205 1
153 2
118 0
243 0
175 0
119 1
193 1
245 2
133 2
67 2
176 0
186 2
75 1
190 2
17 3
20 1
60 0
121 0
65 1
66 3
78 1
110 1
240 0
241 1
239 2
128 3
127 1
132 0
209 3
77 2
19 3
50 1
61 2
103 1
184 2
104 3
200 0
250 1
192 2
214 0
255 1
159 0
158 1
123 2
236 0
116 1
59 3
7 1
220 1
126 1
112 1
152 0
202 1
120 0
101 0
165 3
63 0
168 2
221 2
134 0
174 0
222 1
23 3
1 0
13 0
47 0
54 0
21 0
37 0
40 0
53 0
22 0
38 0
48 0
14 0
27 0
9 0
43 0
0 3
