0 1
4 2
18 2
54 2
40 2
25 2
31 2
21 2
53 2
20 2
51 2
39 2
42 2
32 2
14 2
1 2
26 1
232 1
150 2
217 1
125 2
245 0
154 1
201 0
86 2
237 0
248 2
83 2
218 2
91 2
72 3
52 3
36 1
163 1
226 1
234 1
189 2
246 2
231 0
208 2
144 1
139 0
124 1
78 0
190 2
211 0
73 1
34 3
24 1
212 3
194 0
255 2
221 2
168 0
224 0
244 1
173 0
135 2
166 1
88 2
203 0
200 2
153 3
10 3
11 1
219 0
233 2
206 3
161 1
131 3
114 1
151 1
164 2
180 3
192 1
112 0
202 2
120 3
210 1
57 3
49 1
225 0
130 0
162 1
250 0
97 0
106 2
179 1
89 0
242 0
238 1
93 0
205 1
184 0
128 2
23 3
56 1
77 3
61 1
143 2
165 1
68 0
142 2
103 0
71 2
240 2
187 0
90 2
113 3
111 1
136 0
19 3
43 1
116 1
104 3
134 1
182 0
67 2
186 1
102 2
127 1
115 1
174 1
108 2
215 2
155 0
118 2
9 3
15 1
87 1
171 2
137 0
176 2
146 0
222 0
101 1
133 2
80 3
149 2
70 0
132 0
160 1
172 0
30 3
33 1
95 1
82 3
60 1
191 0
169 2
214 2
204 2
158 0
81 1
157 3
94 2
140 2
69 1
170 2
55 3
50 1
129 0
253 1
249 1
65 1
220 1
228 2
64 3
62 1
197 3
105 1
159 1
126 1
74 0
213 1
16 3
13 1
123 2
196 3
138 3
85 3
100 1
199 0
119 0
84 3
178 1
121 1
75 1
193 2
241 2
207 0
7 3
47 1
229 3
76 0
79 2
107 2
175 1
152 0
198 1
99 2
185 2
92 1
247 0
251 1
252 1
109 1
35 3
58 1
216 2
66 2
141 1
167 2
209 0
147 2
230 0
236 1
223 2
254 2
243 2
148 0
183 0
195 1
45 3
41 1
63 2
156 1
239 1
96 1
110 1
181 0
188 2
98 0
235 2
122 0
117 2
145 2
177 1
227 0
37 3
3 0
22 0
5 0
46 0
12 0
28 0
59 0
17 0
38 0
44 0
27 0
8 0
48 0
6 0
29 0
2 3
