0 1
30 2
10 2
58 2
39 2
42 2
37 2
21 2
24 2
59 2
49 2
34 2
44 2
50 2
16 2
3 2
15 1
83 1
169 2
108 0
233 1
219 0
60 1
162 3
145 1
131 0
104 2
161 1
243 1
184 2
101 1
40 3
29 1
152 0
177 2
134 2
111 3
113 1
118 3
61 0
179 1
125 2
91 0
126 2
206 0
97 2
199 2
8 3
14 1
147 2
192 1
197 0
110 1
207 1
226 0
189 1
215 1
103 1
65 2
107 0
114 0
74 2
222 1
17 3
26 1
185 1
238 1
95 0
245 1
250 1
163 0
237 3
149 0
154 3
66 0
102 1
115 2
228 1
246 2
53 3
25 1
168 0
229 1
87 2
80 0
193 0
166 2
82 0
148 2
117 1
73 2
174 2
176 1
124 1
127 0
56 3
38 1
150 2
240 2
165 1
75 2
187 2
136 0
99 2
217 0
100 1
230 1
236 2
155 1
252 1
123 2
11 3
46 1
180 1
116 0
138 0
120 3
239 0
231 2
232 2
221 2
112 1
225 0
181 0
244 0
183 0
109 1
4 3
6 1
151 1
191 2
122 2
92 2
164 0
209 0
186 1
94 0
227 1
79 1
254 0
175 0
218 0
208 2
48 3
36 1
153 1
167 1
130 3
106 1
172 1
195 2
216 0
69 2
70 0
247 1
132 1
72 3
71 1
142 3
5 3
18 1
171 1
128 0
201 2
202 1
234 2
198 0
196 0
251 3
98 2
135 0
182 3
178 1
90 1
159 2
57 3
28 1
248 1
96 3
84 1
249 3
203 0
212 2
204 2
133 1
137 0
235 0
200 2
194 1
255 0
141 0
47 3
51 1
205 1
188 1
81 3
64 1
146 1
156 0
224 0
223 2
93 0
63 2
86 3
157 1
173 0
88 2
22 3
27 1
170 2
139 0
143 1
220 0
211 0
105 0
77 1
253 3
85 2
160 0
140 0
158 3
144 1
190 2
19 3
7 1
213 3
68 3
89 1
214 2
62 2
119 2
242 1
76 3
67 1
241 0
210 2
121 3
78 1
129 1
31 3
2 0
32 0
43 0
13 0
45 0
33 0
20 0
52 0
12 0
35 0
9 0
41 0
55 0
23 0
54 0
1 3
