1 1
51 2
16 2
36 2
44 2
9 2
29 2
45 2
56 2
41 2
17 2
53 2
34 2
58 2
20 2
0 2
12 1
185 2
71 2
222 1
80 0
254 2
199 2
230 1
253 0
249 2
129 2
154 1
72 0
122 3
111 1
48 3
28 1
128 1
143 2
157 1
100 2
160 0
212 1
155 1
184 0
87 0
164 0
162 1
250 3
104 0
159 1
22 3
57 1
228 2
245 1
255 1
130 2
150 2
197 0
168 0
115 0
86 2
148 2
126 3
131 1
106 2
186 1
24 3
6 1
97 0
210 0
192 1
219 1
243 2
200 2
145 2
83 3
63 1
107 2
125 2
163 2
121 2
235 2
43 3
31 1
60 2
201 2
207 3
196 0
140 0
89 2
124 3
105 1
149 1
218 2
165 0
214 0
251 0
204 0
42 3
25 1
146 2
183 1
239 0
142 1
179 0
188 3
182 1
215 1
227 1
137 0
158 2
178 1
229 1
191 2
13 3
47 1
234 1
152 3
119 1
62 1
181 2
226 0
224 1
99 2
117 2
108 2
190 1
101 0
195 0
216 0
35 3
50 1
232 1
241 1
177 3
96 2
70 2
237 1
246 2
135 3
95 1
85 0
193 1
77 0
209 2
167 0
10 3
8 1
231 1
206 0
180 2
109 1
139 1
236 1
172 0
176 0
233 1
134 0
173 1
189 2
220 1
244 2
55 3
30 1
169 0
205 2
248 2
198 2
75 1
153 1
151 2
61 3
67 1
133 2
68 3
74 1
221 0
252 0
49 3
11 1
144 2
103 0
141 3
116 1
69 1
225 2
171 1
132 2
93 0
211 1
208 2
118 1
127 1
82 0
23 3
54 1
217 3
102 2
123 1
242 1
238 2
88 0
110 0
91 1
84 2
203 0
81 1
79 3
120 1
73 2
7 3
18 1
147 1
78 3
92 0
166 1
247 1
170 1
112 2
113 0
156 2
202 2
213 2
187 2
174 2
175 1
46 3
33 1
64 1
114 1
94 2
194 3
90 0
138 2
76 1
223 2
161 3
136 1
65 0
66 0
240 2
98 0
32 3
3 0
40 0
59 0
15 0
19 0
21 0
37 0
39 0
52 0
4 0
14 0
26 0
27 0
5 0
38 0
2 3
