0 1
42 2
32 2
44 2
28 2
12 2
58 2
47 2
8 2
46 2
17 2
21 2
19 2
7 2
20 2
3 2
25 1
113 1
214 2
215 1
189 2
242 0
206 3
61 0
115 3
120 1
127 2
162 2
204 2
218 2
228 0
34 3
39 1
98 1
198 0
209 1
197 1
236 2
237 2
251 2
182 3
193 1
183 1
250 1
116 1
75 0
229 2
54 3
52 1
217 1
199 2
224 1
138 0
111 0
252 1
245 3
244 1
149 2
196 1
133 1
211 0
70 2
231 1
23 3
49 1
106 1
128 1
66 3
83 1
240 1
108 1
253 2
95 0
202 0
85 1
112 1
194 1
125 2
230 1
11 3
56 1
249 0
171 0
192 0
121 2
247 2
219 0
69 0
99 3
88 1
180 2
181 1
124 2
110 1
134 3
27 3
43 1
243 1
68 3
94 1
220 3
107 1
213 1
62 2
188 1
160 3
104 0
201 0
154 2
238 1
60 2
15 3
16 1
79 0
203 2
163 2
130 0
152 1
248 2
165 0
150 0
235 1
78 1
117 2
241 1
172 0
77 2
53 3
55 1
64 2
146 0
186 1
67 2
179 1
164 1
234 1
153 2
118 3
90 1
132 2
84 3
71 1
207 3
41 3
31 1
159 2
144 1
129 2
97 3
119 1
168 0
225 1
232 0
80 1
102 2
114 1
148 1
155 2
255 1
37 3
18 1
145 1
178 0
175 3
176 1
157 2
142 1
239 1
208 0
167 0
100 0
210 2
226 2
82 0
96 1
36 3
29 1
174 0
222 1
109 1
74 1
131 0
161 1
101 0
195 1
151 0
65 2
136 0
166 2
73 2
147 1
48 3
13 1
227 2
139 1
92 2
158 1
140 2
156 2
223 2
126 1
103 1
233 1
212 3
187 0
184 1
185 2
38 3
4 1
191 1
221 2
87 0
137 3
93 3
76 3
81 1
141 0
89 1
123 1
200 2
105 1
143 3
72 1
22 3
10 1
91 0
86 1
63 2
170 1
246 1
190 1
216 2
122 2
205 0
169 1
177 0
135 0
173 2
254 2
59 3
2 0
30 0
14 0
57 0
9 0
45 0
26 0
33 0
50 0
6 0
35 0
5 0
40 0
51 0
24 0
1 3
