1 1
34 2
12 2
30 2
18 2
53 2
49 2
33 2
15 2
59 2
47 2
9 2
52 2
23 2
19 2
3 2
8 1
232 1
150 2
79 3
61 1
245 0
67 2
183 1
86 2
237 0
248 2
254 2
218 2
91 2
72 3
39 3
41 1
163 1
226 1
234 1
189 2
246 2
231 0
208 2
144 1
139 0
74 0
78 0
190 2
211 0
73 1
32 3
56 1
212 3
210 1
255 2
221 2
168 0
224 0
244 1
173 0
135 2
98 0
88 2
203 0
200 2
153 3
14 3
38 1
124 1
167 2
206 3
161 1
131 3
114 1
159 1
164 2
197 0
192 1
112 0
202 2
120 3
121 1
58 3
40 1
225 0
130 0
162 1
250 0
97 0
66 2
179 1
89 0
174 1
238 1
93 0
148 0
251 2
132 0
10 3
36 1
77 3
101 1
63 2
152 0
68 0
217 1
219 0
99 2
214 2
175 0
71 2
142 2
103 0
128 2
29 3
24 1
180 3
125 2
133 2
171 2
90 2
122 1
147 0
228 2
227 0
138 0
205 1
123 0
140 2
191 0
45 3
25 1
187 0
83 2
113 3
111 1
129 0
158 0
104 3
134 1
182 0
107 2
186 1
102 2
127 1
178 2
42 3
54 1
118 2
239 1
215 2
155 0
117 2
145 2
169 2
137 0
176 2
146 0
222 0
249 1
85 3
115 1
37 3
22 1
143 2
64 3
87 1
220 1
82 3
65 1
201 0
151 1
166 1
181 0
81 1
157 3
160 1
80 3
16 3
46 1
253 1
76 1
223 2
106 2
177 1
193 2
204 2
233 2
240 2
185 2
213 1
172 0
188 1
241 2
43 3
51 1
70 0
156 3
154 1
149 2
110 1
165 1
198 1
95 1
252 1
75 1
243 2
62 1
230 0
126 1
13 3
20 1
236 1
209 0
199 0
96 0
194 0
136 0
170 2
242 0
92 1
84 3
69 1
216 2
116 1
141 0
50 3
57 1
196 3
195 1
100 3
60 1
109 1
108 2
207 0
229 3
119 0
247 0
235 2
184 0
105 1
94 2
28 3
0 0
6 0
48 0
7 0
21 0
35 0
4 0
11 0
55 0
27 0
5 0
44 0
26 0
31 0
17 0
2 3
