0 1
58 2
16 2
24 2
36 2
55 2
49 2
47 2
22 2
59 2
28 2
27 2
6 2
52 2
40 2
3 2
20 1
211 1
96 2
245 2
91 0
159 3
104 2
74 0
192 2
102 0
119 2
108 2
107 0
76 0
106 2
50 3
56 1
244 0
87 3
80 1
94 0
235 2
148 2
208 1
121 0
130 0
178 1
73 2
197 2
174 2
176 0
11 3
42 1
216 1
229 2
234 1
67 2
146 0
93 1
206 0
138 2
116 2
209 2
168 0
243 1
89 0
169 0
35 3
39 1
144 3
163 1
78 0
141 0
151 0
68 1
60 1
207 2
240 0
246 1
95 2
70 2
69 0
99 1
15 3
57 1
86 0
250 2
205 2
85 0
105 0
165 3
147 1
111 3
120 1
199 0
132 0
162 2
79 2
198 1
54 3
13 1
232 1
114 1
160 1
190 2
122 2
230 0
187 2
210 0
172 0
200 2
118 0
188 1
251 1
212 0
23 3
41 1
83 0
231 1
90 0
140 0
77 0
226 1
154 0
253 1
161 2
228 2
112 2
215 1
196 0
204 2
51 3
4 1
63 2
155 1
64 2
125 2
88 2
189 1
152 2
171 1
225 1
255 0
82 1
252 1
227 3
224 0
34 3
14 1
156 0
214 3
142 2
149 1
182 3
254 1
184 1
220 1
66 1
181 0
128 0
136 2
202 3
201 1
32 3
31 1
158 0
219 2
153 0
180 1
164 0
241 0
109 0
133 0
150 0
72 2
135 2
179 0
145 0
185 1
44 3
19 1
101 2
81 1
166 2
117 2
103 1
237 1
123 2
242 1
233 0
247 0
129 2
61 3
62 1
249 0
37 3
25 1
110 1
248 1
65 0
221 0
71 1
238 2
84 1
92 3
97 1
239 1
167 3
131 2
113 1
143 2
18 3
17 1
139 1
236 1
124 2
75 1
218 1
193 0
213 1
173 2
137 1
115 3
134 1
217 0
191 0
186 0
53 3
43 1
223 2
203 1
126 1
194 2
183 2
127 2
157 1
170 1
195 2
177 2
175 1
222 2
100 0
98 0
33 3
1 0
9 0
46 0
10 0
30 0
7 0
21 0
12 0
29 0
8 0
48 0
5 0
45 0
26 0
38 0
2 3
