3 1
11 2
48 2
5 2
52 2
33 2
18 2
19 2
51 2
23 2
31 2
21 2
53 2
39 2
25 2
0 2
17 1
85 3
98 1
175 1
187 3
182 1
62 1
203 0
165 1
149 0
244 1
106 2
188 1
86 2
236 0
30 3
40 1
235 1
84 1
119 2
241 1
116 1
192 0
205 2
174 3
181 1
234 0
104 1
237 2
134 0
177 1
59 3
54 1
249 1
72 1
221 3
75 0
108 0
176 2
178 1
115 0
83 1
164 0
214 2
173 1
128 2
201 2
16 3
22 1
217 3
64 1
158 1
169 0
124 2
211 3
194 1
127 2
255 2
117 2
153 3
150 1
245 1
183 1
36 3
41 1
88 2
126 0
123 1
151 2
67 1
189 1
223 1
207 0
171 1
152 1
233 2
216 0
167 0
135 1
12 3
57 1
224 2
136 2
252 0
161 2
87 0
191 2
242 0
70 0
94 1
246 2
251 0
112 1
63 1
218 2
4 3
15 1
77 1
143 3
159 1
231 3
96 0
147 0
65 2
61 2
129 1
166 0
157 3
156 1
199 2
120 3
29 3
28 1
111 1
160 2
95 2
97 0
90 2
78 0
239 2
130 0
168 1
66 1
222 2
227 2
163 1
180 2
44 3
49 1
132 0
206 0
196 0
89 2
162 1
91 2
209 1
140 2
100 0
248 2
80 1
202 1
121 1
179 1
42 3
56 1
74 1
131 0
148 1
133 0
113 0
215 2
232 2
185 1
81 2
238 1
254 1
172 0
146 3
154 1
38 3
47 1
184 1
103 2
220 0
107 2
125 2
82 2
240 2
155 3
170 1
110 3
141 1
105 0
60 0
243 0
13 3
58 1
253 2
186 3
145 0
213 2
144 2
142 1
200 0
226 0
79 1
208 2
225 3
73 2
68 2
101 2
14 3
46 1
71 2
190 0
193 2
139 3
210 1
93 2
109 1
198 1
229 2
212 3
99 1
230 1
76 2
69 1
35 3
8 1
228 1
137 0
92 1
122 3
102 0
219 0
204 0
197 2
114 3
138 1
195 0
118 1
247 0
250 1
10 3
2 0
34 0
50 0
9 0
45 0
27 0
7 0
20 0
55 0
26 0
37 0
6 0
32 0
43 0
24 0
1 3
