1 1
51 2
33 2
6 2
22 2
53 2
39 2
25 2
54 2
20 2
34 2
45 2
5 2
47 2
17 2
3 2
46 1
82 2
238 2
207 2
126 3
117 1
153 2
146 1
137 2
196 2
128 3
115 1
64 0
160 0
93 2
10 3
11 1
247 0
84 0
212 2
171 0
202 0
226 0
211 0
106 1
159 1
103 2
161 1
86 2
68 1
85 1
48 3
50 1
175 1
181 0
130 0
149 1
187 1
224 2
99 3
96 1
221 1
123 0
132 1
158 2
182 0
180 2
36 3
7 1
216 1
188 2
240 0
127 0
194 0
246 1
228 0
170 2
191 0
114 2
61 0
67 0
176 2
139 0
26 3
24 1
162 1
192 2
241 2
136 0
183 3
190 1
225 2
152 3
145 1
105 0
74 2
91 2
124 3
102 1
18 3
21 1
143 3
150 1
227 0
116 2
243 1
206 0
252 1
100 0
239 2
110 2
129 1
201 2
215 0
125 1
19 3
28 1
113 1
98 1
199 1
255 3
78 3
70 1
87 1
101 1
186 0
233 1
250 2
203 1
95 3
65 1
31 3
57 1
236 0
60 3
69 1
154 0
209 3
222 2
121 3
111 1
185 2
184 1
253 1
157 2
66 2
177 1
59 3
40 1
118 1
94 2
248 0
104 3
107 1
223 1
81 2
155 0
234 2
88 1
77 1
232 2
179 2
229 2
32 3
56 1
90 1
92 2
71 3
63 1
230 2
244 2
217 0
140 2
72 0
134 2
178 0
75 2
218 1
172 0
44 3
42 1
138 3
133 1
97 2
195 0
245 1
167 0
112 2
213 0
83 2
249 1
108 1
193 1
166 3
142 1
9 3
43 1
164 1
151 2
231 1
109 2
148 0
235 0
120 0
197 1
163 1
122 3
79 2
156 2
189 1
214 1
29 3
15 1
135 0
165 2
242 3
237 1
173 2
119 1
168 0
73 2
62 2
89 1
200 0
131 1
219 2
254 1
38 3
35 1
141 2
210 2
169 1
174 1
208 0
76 3
80 1
205 1
251 2
220 3
204 2
147 2
198 2
144 2
37 3
0 0
23 0
55 0
27 0
13 0
41 0
30 0
14 0
16 0
58 0
4 0
8 0
12 0
49 0
52 0
2 3
