2 1
9 2
52 2
39 2
25 2
24 2
7 2
50 2
28 2
6 2
35 2
21 2
59 2
20 2
19 2
3 2
29 1
153 0
214 3
62 2
160 1
172 0
118 2
238 1
141 3
109 1
236 1
187 0
150 0
139 3
134 1
33 3
10 1
169 2
191 0
144 2
103 0
154 2
188 2
66 0
166 3
194 2
243 1
128 2
104 3
140 1
189 2
45 3
32 1
181 2
174 1
123 3
102 1
168 1
206 0
203 0
207 1
213 2
223 1
250 1
156 2
97 1
74 1
37 3
48 1
255 1
217 2
121 0
253 1
198 0
165 0
197 2
161 1
200 3
201 1
94 1
230 0
226 3
234 2
44 3
4 1
95 1
87 0
110 2
190 1
69 1
63 1
115 2
92 1
106 2
185 1
155 2
179 0
65 0
184 1
13 3
12 1
251 1
171 0
129 1
173 1
218 0
208 2
98 0
117 1
114 0
241 1
210 2
138 0
146 2
60 0
30 3
36 1
159 1
162 2
79 3
99 1
225 1
135 0
77 2
120 3
61 0
85 2
158 2
105 2
183 1
91 3
26 3
15 1
84 1
248 0
73 3
81 1
78 2
108 3
131 1
67 2
96 2
220 0
151 1
142 1
111 1
149 3
18 3
31 1
71 1
122 3
107 1
204 2
221 3
147 1
164 2
89 1
216 3
178 0
125 3
112 1
152 0
195 1
8 3
16 1
90 1
86 1
76 1
224 0
202 0
157 0
222 0
182 1
180 1
176 2
192 1
82 1
240 1
80 2
46 3
51 1
212 1
254 1
219 1
199 1
177 3
175 0
126 0
136 3
116 1
232 1
239 1
209 0
227 1
247 1
5 3
34 1
235 0
244 0
205 0
130 0
64 1
145 1
215 1
252 1
249 3
83 0
170 0
88 3
100 1
229 1
47 3
55 1
148 2
196 1
228 2
113 2
167 1
68 0
119 0
163 1
231 1
245 0
186 0
127 1
75 0
211 1
56 3
27 1
132 1
237 0
242 1
233 0
124 0
72 2
133 2
70 2
193 1
246 0
137 0
93 0
101 2
143 0
49 3
0 0
23 0
53 0
22 0
42 0
40 0
57 0
11 0
58 0
14 0
43 0
17 0
38 0
41 0
54 0
1 3
