0 1
30 2
21 2
54 2
47 2
33 2
6 2
29 2
45 2
32 2
12 2
46 2
22 2
52 2
20 2
3 2
58 1
137 1
106 0
80 1
91 0
116 2
224 1
198 0
95 0
74 0
186 0
132 3
127 1
178 1
173 1
23 3
10 1
162 0
184 2
161 0
83 3
101 1
210 1
195 1
73 2
68 2
105 1
156 1
211 1
253 3
216 2
43 3
37 1
100 0
243 0
93 1
85 3
69 1
205 2
181 1
145 1
62 2
157 1
77 1
238 0
219 1
154 1
9 3
42 1
192 2
65 0
200 2
155 0
220 2
122 1
98 3
70 1
135 2
111 0
204 0
64 1
163 1
159 2
57 3
4 1
71 1
214 1
217 1
171 2
237 3
138 1
185 3
148 0
235 0
118 2
110 1
180 0
115 1
191 1
15 3
5 1
187 1
207 1
223 2
194 2
141 2
139 1
126 3
63 1
119 1
229 2
182 0
108 1
169 0
87 2
53 3
44 1
197 1
250 1
142 0
213 1
113 0
249 0
170 0
209 2
107 1
190 3
176 1
245 1
130 1
165 1
41 3
34 1
251 2
193 0
166 2
167 0
103 2
60 3
81 1
255 2
120 0
75 0
183 2
212 0
172 2
232 2
25 3
50 1
90 3
67 1
82 2
149 2
177 2
96 2
84 3
158 0
134 2
79 2
92 1
199 2
89 2
88 0
51 3
8 1
230 1
102 2
124 1
128 0
175 1
227 0
140 0
97 2
208 1
147 2
174 1
188 2
241 0
72 2
40 3
39 1
94 1
112 0
202 2
248 1
131 0
144 1
150 0
231 0
86 3
99 1
247 2
152 1
153 1
215 0
38 3
28 1
146 2
125 2
136 1
114 2
168 2
78 1
164 2
228 2
104 0
222 1
236 1
201 2
226 2
244 1
11 3
56 1
203 2
129 2
225 2
151 0
240 1
254 3
233 2
246 3
117 1
76 0
109 1
234 1
179 3
61 2
27 3
19 1
123 1
121 1
189 0
160 0
66 0
242 3
143 0
218 0
239 0
133 0
221 1
252 1
196 2
206 1
59 3
1 0
14 0
36 0
24 0
18 0
31 0
17 0
48 0
7 0
16 0
49 0
55 0
26 0
35 0
13 0
2 3
