3 1
40 2
9 2
50 2
41 2
13 2
48 2
5 2
30 2
18 2
51 2
33 2
55 2
39 2
17 2
0 2
24 1
119 2
237 2
108 1
210 0
206 3
214 3
187 2
135 0
173 2
193 0
243 2
249 1
68 0
139 2
58 3
16 1
163 2
211 1
229 3
107 2
185 1
178 1
228 1
83 3
61 1
183 2
121 0
162 3
156 1
219 0
34 3
52 1
77 1
113 1
105 3
116 1
172 0
236 2
233 3
82 1
122 0
130 1
123 1
179 0
151 1
147 1
12 3
7 1
112 0
202 0
65 3
100 1
153 2
240 1
166 0
141 0
114 2
226 1
222 1
67 1
155 1
189 2
45 3
21 1
120 2
203 2
142 3
104 0
103 0
175 0
171 1
126 2
124 3
137 1
180 1
148 0
194 1
213 1
42 3
37 1
198 0
143 3
144 1
140 2
138 2
174 1
247 1
205 0
87 2
95 0
224 2
168 2
188 0
92 2
8 3
46 1
125 0
64 0
204 0
73 0
216 2
150 3
159 1
101 3
86 1
152 1
184 0
253 1
191 2
70 3
4 3
6 1
93 0
88 2
192 1
81 2
117 0
215 2
196 1
230 0
254 1
212 2
62 3
84 1
208 2
157 2
29 3
28 1
109 1
225 1
167 1
80 3
128 2
160 1
97 3
76 1
242 3
94 1
158 2
197 3
195 1
79 0
15 3
56 1
200 2
238 1
245 2
90 0
154 3
149 1
217 0
165 1
75 2
220 1
255 0
74 1
169 2
89 2
43 3
49 1
102 1
246 0
241 1
78 2
223 2
66 3
71 1
182 0
161 0
129 0
235 2
85 1
106 1
145 3
25 3
54 1
244 0
248 2
199 2
136 2
239 2
96 3
118 1
201 0
91 2
133 2
134 0
176 1
221 2
177 1
31 3
20 1
207 1
227 0
170 1
127 1
181 0
250 1
60 3
69 1
232 2
252 0
132 2
231 0
111 3
110 1
10 3
19 1
186 1
115 1
72 2
218 1
190 2
251 1
63 2
131 2
164 0
98 0
234 0
99 0
209 2
146 3
27 3
1 0
35 0
11 0
57 0
14 0
36 0
47 0
59 0
23 0
53 0
22 0
38 0
44 0
26 0
32 0
2 3
