0 1
4 2
30 2
18 2
26 2
55 2
49 2
23 2
9 2
48 2
13 2
46 2
45 2
37 2
6 2
1 2
36 1
69 2
177 2
147 2
72 2
243 1
126 2
128 3
124 1
239 0
193 0
101 0
196 0
238 1
211 2
42 3
12 1
108 0
176 1
195 2
88 2
241 0
105 1
231 0
64 0
215 1
187 2
171 1
194 1
213 3
182 3
8 3
31 1
178 1
117 1
198 0
224 0
223 2
229 1
163 0
75 2
233 3
201 2
156 0
99 2
168 0
116 0
58 3
17 1
109 1
80 0
210 2
138 0
155 1
179 1
159 2
160 0
202 1
62 0
173 2
96 3
90 1
114 2
34 3
43 1
82 0
91 2
113 1
132 2
149 0
97 3
89 1
142 3
228 1
65 2
188 1
79 3
100 1
225 0
21 3
39 1
60 1
87 2
252 1
254 0
208 2
180 1
242 1
143 1
251 0
127 0
83 0
192 1
222 1
153 3
19 3
53 1
81 3
77 1
129 1
73 2
197 0
78 1
150 1
245 1
135 0
104 2
92 2
131 0
227 1
167 1
54 3
16 1
98 1
66 0
226 0
206 0
158 3
86 3
130 3
133 1
122 2
111 3
137 2
134 2
255 0
136 0
28 3
50 1
244 0
74 2
151 1
110 1
172 3
144 1
121 3
112 1
141 1
253 3
184 2
84 1
218 0
115 2
52 3
5 1
175 0
250 1
232 2
186 1
249 3
203 0
200 2
235 1
183 0
221 2
164 2
189 0
68 3
152 0
41 3
38 1
67 1
247 1
216 0
107 0
230 1
220 0
120 3
61 0
106 1
146 1
118 1
145 1
204 2
170 2
25 3
44 1
154 3
165 1
199 1
123 2
119 1
214 2
185 3
85 2
169 2
190 0
161 3
219 2
94 0
246 2
24 3
33 1
236 2
71 1
248 1
234 2
217 0
70 0
95 0
125 2
191 2
174 2
162 3
103 0
63 2
157 1
59 3
56 1
212 2
140 0
237 3
205 1
139 3
102 0
76 2
93 0
207 1
240 2
209 0
166 1
181 0
148 2
20 3
2 0
27 0
10 0
32 0
47 0
57 0
40 0
51 0
15 0
35 0
7 0
22 0
14 0
29 0
11 0
3 3
