1 1
24 2
36 2
21 2
54 2
39 2
22 2
59 2
16 2
19 2
47 2
56 2
41 2
42 2
38 2
3 2
10 1
208 2
111 3
124 1
201 0
171 3
105 1
63 0
88 2
202 2
93 1
110 1
195 2
196 0
90 2
28 3
37 1
89 2
69 1
119 0
165 0
144 0
234 1
132 3
229 2
187 1
82 0
179 2
78 1
108 1
122 2
45 3
34 1
123 0
162 0
128 2
100 1
153 2
240 1
249 1
97 0
180 3
193 1
167 3
173 1
81 1
190 2
13 3
51 1
109 2
106 0
115 2
241 0
231 2
92 0
212 1
143 1
245 2
185 2
67 3
72 1
248 1
239 1
48 3
25 1
221 2
113 2
169 0
192 0
91 3
98 1
182 1
103 3
207 1
73 1
64 2
65 0
184 1
126 2
5 3
57 1
152 0
70 0
140 1
175 2
96 1
217 1
238 3
235 1
129 2
232 2
210 3
211 1
121 2
214 1
29 3
14 1
117 1
127 2
137 1
176 1
147 3
252 0
250 0
71 1
181 0
163 2
191 1
168 1
99 0
79 0
55 3
27 1
255 1
246 2
94 0
104 0
189 2
204 1
135 0
159 0
251 1
112 1
77 0
198 0
68 0
62 2
50 3
7 1
206 0
170 0
230 1
133 0
219 2
178 1
136 2
166 2
86 1
118 1
95 2
220 0
87 2
83 1
11 3
23 1
125 0
146 0
161 2
85 0
145 3
149 1
209 0
76 0
141 1
197 0
148 3
216 2
227 0
138 2
52 3
15 1
60 1
114 1
158 1
183 1
74 3
172 0
253 2
102 2
130 1
199 2
194 1
154 1
228 2
223 2
40 3
35 1
134 0
186 1
247 0
107 1
213 0
150 2
215 1
131 0
151 3
242 1
244 2
243 0
139 1
155 0
17 3
4 1
61 1
142 0
66 3
75 1
218 2
156 1
188 1
226 3
225 1
164 1
80 0
157 1
120 2
160 2
31 3
8 1
224 0
237 0
174 2
177 0
203 1
101 1
200 1
233 1
205 1
236 0
84 0
222 1
116 1
254 0
18 3
2 0
49 0
53 0
44 0
26 0
30 0
6 0
33 0
9 0
46 0
12 0
32 0
43 0
20 0
58 0
0 3
