3 1
40 2
9 2
30 2
15 2
53 2
28 2
21 2
7 2
29 2
6 2
48 2
42 2
49 2
41 2
1 2
17 1
102 1
148 1
188 1
78 2
224 1
100 3
82 1
113 0
232 2
199 2
139 2
222 0
122 2
111 1
13 3
18 1
211 1
64 3
81 1
135 1
212 2
206 2
128 2
126 2
174 1
89 3
80 1
195 1
115 0
205 1
57 3
37 1
130 0
146 1
246 2
250 2
133 1
93 1
109 1
164 3
197 1
61 0
248 3
227 1
118 2
238 1
33 3
54 1
138 2
116 2
114 0
231 0
192 0
75 3
68 1
69 1
216 2
96 2
94 1
184 0
181 1
98 0
44 3
19 1
201 1
161 1
173 0
95 1
137 2
108 2
163 3
143 1
142 0
229 0
241 1
190 2
237 3
186 2
5 3
59 1
63 1
83 0
110 1
170 0
185 2
158 0
252 1
171 0
119 2
154 0
218 0
121 3
247 0
97 1
35 3
23 1
204 2
233 2
129 1
71 2
213 1
84 2
234 0
193 0
147 0
189 1
150 1
245 1
191 3
177 1
14 3
58 1
226 2
156 0
136 2
123 2
244 2
220 1
221 3
180 2
202 2
132 0
103 2
62 0
140 1
194 2
27 3
11 1
176 1
157 2
243 1
200 1
74 1
253 3
166 1
208 0
187 1
112 2
66 2
179 1
242 1
178 1
26 3
56 1
127 2
101 1
210 3
141 1
162 0
91 2
79 2
88 3
73 1
228 2
76 0
92 3
160 0
196 1
12 3
46 1
223 3
175 0
209 3
239 1
198 2
77 0
120 3
125 1
117 2
236 1
215 3
214 0
155 2
183 1
4 3
8 1
251 2
107 1
219 1
254 1
172 0
70 2
149 0
65 0
182 1
249 2
145 3
104 2
124 1
165 0
52 3
38 1
169 1
144 3
230 1
131 1
86 0
217 3
85 0
67 2
134 2
87 0
225 2
99 3
168 1
255 1
20 3
39 1
60 0
159 2
153 1
151 2
203 0
105 2
72 2
90 1
235 3
240 1
167 1
207 1
106 1
152 1
31 3
0 0
16 0
55 0
32 0
47 0
51 0
22 0
43 0
45 0
34 0
50 0
10 0
36 0
24 0
25 0
2 3
