1 1
36 2
6 2
57 2
49 2
34 2
45 2
42 2
5 2
35 2
15 2
31 2
26 2
14 2
27 2
2 2
12 1
186 1
94 0
104 0
120 2
234 0
168 0
237 1
211 0
215 2
92 2
69 2
63 2
173 1
125 2
33 3
28 1
122 1
61 2
102 1
77 3
118 1
149 2
204 1
150 1
82 0
130 0
160 1
194 3
93 2
196 1
55 3
53 1
137 1
67 0
133 0
229 2
249 1
187 1
190 3
179 1
71 2
220 1
152 3
172 1
197 2
75 0
41 3
54 1
203 0
79 2
151 0
238 1
189 1
139 3
171 1
201 1
184 1
253 1
97 3
84 1
251 2
70 2
8 3
22 1
111 1
188 0
142 2
156 1
247 0
158 0
106 3
126 1
218 1
146 1
244 0
219 2
132 1
193 1
58 3
44 1
221 0
98 0
216 0
232 2
175 0
143 2
147 1
83 1
131 0
129 1
206 0
222 0
245 1
241 0
16 3
37 1
213 2
81 2
138 0
116 2
66 1
87 0
68 0
141 2
254 2
239 2
205 2
112 1
170 2
155 1
43 3
38 1
95 1
161 0
114 2
136 2
166 0
86 2
64 2
185 1
223 1
236 0
123 1
154 0
157 1
255 2
32 3
59 1
243 2
163 2
165 2
250 2
169 2
145 2
105 0
181 0
195 3
200 1
78 2
110 1
202 0
228 0
10 3
25 1
88 1
224 1
199 0
248 0
72 3
74 1
121 2
108 1
109 3
124 1
91 0
113 1
210 2
227 2
30 3
40 1
134 1
167 3
148 1
246 0
73 1
230 0
242 1
240 2
101 0
207 1
85 2
252 1
177 3
191 1
21 3
50 1
174 1
176 2
65 2
180 1
231 2
115 1
192 1
217 1
90 2
162 0
103 2
164 1
233 1
96 0
51 3
9 1
89 3
99 1
76 0
117 0
209 0
100 3
183 0
212 1
198 2
144 2
153 1
119 0
235 1
60 2
39 3
48 1
128 1
214 0
80 2
159 2
208 2
226 3
182 2
135 0
178 0
140 3
225 1
127 2
62 0
107 3
17 3
0 0
19 0
20 0
24 0
23 0
56 0
46 0
7 0
18 0
29 0
13 0
47 0
52 0
4 0
11 0
3 3
