1 1
51 2
16 2
36 2
44 2
9 2
29 2
45 2
56 2
41 2
17 2
53 2
34 2
58 2
20 2
0 2
12 1
185 2
71 2
222 1
80 0
218 2
225 2
230 1
253 0
249 2
129 2
154 1
72 0
122 3
111 1
48 3
28 1
136 1
143 2
157 1
100 2
160 0
212 1
155 1
184 0
87 0
164 0
162 1
250 3
235 2
159 1
22 3
57 1
228 2
245 1
255 1
130 2
150 2
197 0
220 1
115 0
86 2
148 2
126 3
131 1
134 0
186 1
24 3
14 1
101 0
210 0
192 1
219 1
243 2
200 2
242 1
83 3
63 1
188 3
125 2
163 2
121 2
118 1
43 3
31 1
60 2
201 2
207 3
196 0
140 0
89 2
124 3
105 1
149 1
176 0
165 0
214 0
251 0
204 0
42 3
25 1
146 2
183 1
239 0
208 2
147 1
81 1
182 1
215 1
189 2
137 0
158 2
178 1
229 1
191 2
13 3
47 1
234 1
152 3
119 1
98 0
181 2
213 2
224 1
99 2
117 2
108 2
190 1
109 1
195 0
238 2
35 3
50 1
232 1
241 1
177 3
96 2
142 1
237 1
246 2
79 3
95 1
85 0
193 1
199 2
209 2
167 0
10 3
6 1
231 1
206 0
174 2
141 3
123 1
236 1
244 2
179 0
233 1
106 2
66 0
112 2
113 0
203 0
54 3
30 1
173 1
202 2
226 0
194 3
211 1
145 2
65 0
169 0
139 1
151 2
73 2
116 1
133 2
198 2
40 3
59 1
172 0
168 0
227 1
205 2
248 2
217 3
84 2
156 2
74 1
144 2
104 0
170 1
223 2
76 1
5 3
21 1
62 1
135 3
127 1
240 2
77 0
120 1
75 1
254 2
161 3
171 1
93 0
180 2
216 0
92 0
39 3
26 1
64 1
166 1
107 2
175 1
82 0
61 3
69 1
153 1
187 2
252 0
114 1
103 0
132 2
70 2
32 3
38 1
67 1
78 3
68 3
91 1
94 2
102 2
128 1
88 0
110 0
221 0
97 0
138 2
90 0
247 1
18 3
2 0
27 0
8 0
19 0
23 0
55 0
37 0
46 0
11 0
49 0
52 0
4 0
7 0
15 0
33 0
3 3
