0 1
58 2
43 2
15 2
54 2
34 2
45 2
17 2
8 2
29 2
18 2
24 2
36 2
10 2
50 2
3 2
20 1
203 1
248 2
211 0
120 1
123 1
134 1
129 2
78 1
167 0
144 1
96 1
110 1
112 2
172 0
33 3
55 1
212 3
69 0
111 1
177 0
206 3
81 1
141 0
173 1
213 1
222 1
185 2
231 1
116 1
166 2
16 3
30 1
159 2
145 1
85 1
105 1
61 0
218 2
124 2
138 0
242 0
181 1
71 1
115 3
109 1
233 1
51 3
6 1
196 1
237 2
220 3
84 1
70 2
63 2
158 1
90 1
156 2
201 0
88 1
99 3
204 2
205 0
47 3
32 1
97 3
170 1
246 1
223 2
83 1
131 0
86 1
169 1
249 0
171 0
199 2
255 1
100 0
160 3
38 3
40 1
133 1
226 2
155 2
92 2
121 2
127 2
79 0
247 2
183 1
227 2
244 1
67 2
65 2
146 0
22 3
9 1
72 1
87 0
188 1
254 2
235 2
161 0
60 1
137 3
93 3
68 3
104 0
241 1
180 2
149 2
19 3
44 1
236 2
64 2
174 0
150 0
243 1
163 2
228 0
139 1
94 1
252 1
122 2
117 2
119 1
168 0
12 3
28 1
135 1
142 2
147 1
157 2
118 3
114 1
225 1
214 2
162 2
74 1
107 1
182 3
125 2
132 2
57 3
52 1
192 0
232 0
152 1
217 1
128 1
91 0
189 3
176 0
164 1
239 1
221 2
208 0
210 2
230 1
11 3
14 1
151 0
229 2
200 2
191 1
136 0
77 2
98 1
187 1
202 0
175 3
184 1
195 1
198 0
179 1
46 3
27 1
103 1
238 1
102 2
108 1
140 2
148 0
251 2
253 2
165 0
62 2
126 1
178 0
194 1
215 1
56 3
5 1
193 1
219 0
250 1
216 2
143 3
73 2
130 1
113 1
154 2
234 1
89 1
106 1
224 1
207 1
41 3
42 1
75 0
197 1
76 3
80 1
95 0
82 0
153 2
240 1
101 0
209 1
190 1
245 3
66 3
186 1
13 3
2 0
35 0
7 0
25 0
48 0
4 0
26 0
31 0
21 0
37 0
39 0
49 0
59 0
23 0
53 0
1 3
