0 1
48 2
25 2
7 2
30 2
12 2
58 2
33 2
45 2
53 2
23 2
51 2
34 2
21 2
24 2
3 2
16 1
76 0
215 1
123 0
172 1
181 0
121 0
182 1
85 1
118 1
251 2
165 0
227 2
248 1
238 0
47 3
37 1
90 2
124 3
102 1
183 1
96 3
73 1
195 0
180 0
201 2
246 3
148 2
110 0
252 2
240 0
5 3
40 1
219 0
244 2
233 0
205 2
212 2
116 1
241 2
175 1
236 3
77 1
130 0
166 1
189 1
109 0
4 3
49 1
113 1
84 0
119 1
221 2
254 2
210 2
228 3
61 0
204 1
100 0
150 0
81 0
87 1
250 1
35 3
41 1
196 1
62 2
112 1
152 0
142 0
153 1
154 0
91 2
126 0
79 2
156 2
66 2
253 0
139 0
42 3
56 1
158 0
235 0
120 0
168 2
163 2
232 2
164 2
92 0
122 2
239 3
186 2
74 3
88 1
198 0
22 3
46 1
160 2
104 3
137 2
191 0
115 1
230 3
199 0
70 2
200 1
131 1
247 1
72 1
208 2
98 0
31 3
14 1
249 1
171 2
193 2
231 2
67 0
94 0
161 1
211 1
225 2
170 2
203 1
64 1
105 3
197 1
44 3
29 1
226 1
103 3
93 1
243 0
60 1
206 0
190 0
75 3
68 3
63 1
80 2
237 1
207 1
187 3
17 3
11 1
217 3
173 2
101 0
71 0
128 2
218 0
108 1
138 0
69 1
146 2
147 2
134 2
114 3
135 1
32 3
57 1
86 0
125 1
151 2
99 2
169 1
220 2
245 2
132 2
177 2
192 1
133 2
83 0
136 1
185 0
18 3
13 1
140 0
65 1
117 0
149 3
229 0
223 3
179 3
184 1
143 2
129 1
141 2
95 2
224 0
242 0
59 3
39 1
97 1
106 1
178 0
194 1
107 3
213 0
216 0
162 1
222 1
155 0
209 0
159 1
89 0
188 3
38 3
55 1
234 0
214 2
174 2
176 0
145 2
202 1
111 3
127 1
82 1
144 2
157 1
167 1
78 0
255 2
8 3
2 0
9 0
43 0
20 0
50 0
52 0
6 0
28 0
54 0
19 0
15 0
27 0
10 0
26 0
36 0
1 3
