3 1
33 2
55 2
40 2
25 2
53 2
34 2
14 2
54 2
59 2
49 2
47 2
5 2
57 2
28 2
2 2
23 1
159 3
62 0
119 2
241 1
232 0
87 2
245 3
83 1
81 0
135 2
164 1
219 3
72 0
125 2
32 3
56 1
224 3
73 2
209 1
196 1
189 2
92 2
128 1
126 2
82 2
201 0
210 1
148 0
75 2
177 0
6 3
42 1
215 1
114 1
131 2
184 2
192 0
76 3
89 1
60 2
86 1
143 1
78 3
90 1
127 0
181 2
29 3
43 1
153 1
216 3
194 3
141 0
74 2
168 1
199 0
97 0
173 1
71 2
222 1
255 0
254 2
166 2
12 3
15 1
79 1
109 1
237 1
140 2
239 1
99 0
228 1
101 2
115 2
195 3
110 0
207 1
172 3
157 1
48 3
26 1
94 1
64 2
190 1
80 1
70 2
154 1
95 2
103 0
179 3
147 0
134 2
185 2
132 2
175 0
38 3
31 1
142 1
145 2
107 0
116 0
242 1
149 2
204 1
136 2
233 2
182 0
105 1
155 1
161 2
122 0
58 3
19 1
213 1
165 2
112 2
211 1
205 2
106 1
163 1
180 2
248 1
191 2
234 1
221 3
223 1
200 0
41 3
18 1
156 1
104 0
151 1
167 0
124 1
253 1
249 1
238 3
236 2
252 1
138 2
176 0
187 0
197 2
22 3
30 1
120 0
137 2
158 3
144 1
225 0
250 0
251 0
183 0
111 0
121 1
113 1
108 1
117 1
198 0
24 3
9 1
139 1
229 2
235 2
152 1
178 0
244 1
118 2
150 2
133 2
96 0
226 3
100 3
98 1
146 0
36 3
52 1
218 2
186 1
220 0
206 2
65 1
203 0
202 3
212 1
169 1
243 2
247 2
170 1
63 0
160 2
45 3
4 1
91 1
174 0
214 1
66 1
68 1
69 1
129 1
67 1
171 3
162 1
85 2
230 2
130 1
102 2
27 3
8 1
123 1
188 2
77 2
227 1
246 1
240 2
208 0
193 0
231 2
88 1
61 1
84 0
217 1
93 0
21 3
1 0
13 0
44 0
35 0
11 0
7 0
16 0
51 0
17 0
46 0
20 0
50 0
10 0
37 0
39 0
0 3
