3 1
39 2
8 2
4 2
58 2
40 2
5 2
30 2
26 2
55 2
16 2
43 2
37 2
45 2
32 2
2 2
15 1
139 0
75 0
68 0
234 0
113 2
220 1
203 3
63 2
169 1
65 2
216 1
155 0
111 1
134 0
38 3
36 1
141 2
86 2
90 2
235 2
159 0
121 0
74 2
133 2
93 0
202 1
191 3
147 2
184 1
128 2
13 3
18 1
166 1
104 1
89 1
229 2
181 2
109 2
114 3
140 1
162 2
71 0
88 0
207 1
247 1
237 2
57 3
33 1
254 0
103 1
123 3
129 1
187 1
180 0
198 0
199 0
239 1
87 2
80 2
238 1
76 2
120 3
49 3
56 1
251 1
170 0
231 1
127 0
250 1
192 2
160 3
149 1
101 1
209 1
186 0
233 1
92 3
83 1
47 3
41 1
196 0
190 0
206 0
116 2
156 2
245 1
126 1
82 1
151 0
230 2
99 0
137 3
135 1
118 2
9 3
52 1
197 2
108 1
210 0
172 0
217 0
219 1
179 0
218 1
131 3
132 1
69 2
212 1
72 1
205 0
35 3
12 1
215 1
119 1
204 2
150 2
214 1
163 1
81 1
107 0
249 0
253 2
248 0
152 3
188 2
208 0
59 3
34 1
236 0
158 0
102 1
115 2
224 0
201 0
185 0
117 2
183 0
194 1
213 1
232 2
241 0
70 1
11 3
44 1
145 3
143 1
67 2
174 1
228 2
148 1
96 3
78 1
66 1
246 3
227 0
222 0
240 2
167 0
46 3
31 1
242 0
223 0
95 2
62 0
138 3
124 1
171 3
221 1
97 1
130 0
154 1
73 1
142 2
144 1
22 3
20 1
200 1
146 3
161 1
100 2
105 1
168 1
164 0
255 1
211 1
110 2
125 1
112 0
226 0
252 3
19 3
53 1
153 1
176 2
189 1
178 0
61 1
79 1
173 2
193 1
94 1
98 1
175 1
106 2
122 3
136 1
54 3
51 1
195 0
244 1
64 1
165 1
177 2
84 1
60 2
91 1
225 2
182 2
243 0
85 2
157 2
77 3
23 3
1 0
6 0
28 0
50 0
7 0
17 0
42 0
48 0
10 0
25 0
24 0
21 0
27 0
14 0
29 0
0 3
