0 1
50 2
40 2
9 2
52 2
11 2
46 2
25 2
54 2
41 2
13 2
30 2
26 2
14 2
27 2
2 2
17 1
108 1
105 2
179 1
88 0
119 3
90 0
98 1
182 1
197 0
170 1
244 1
251 0
160 0
183 2
42 3
47 1
204 2
158 2
203 2
84 2
236 2
81 2
151 2
138 0
196 2
195 0
202 2
243 1
154 2
238 1
38 3
53 1
229 2
121 0
232 0
216 2
166 1
157 0
164 2
141 2
176 1
167 0
124 3
153 1
150 2
223 1
22 3
18 1
163 1
99 3
76 1
226 0
165 0
147 2
64 0
89 1
103 0
130 3
107 1
114 1
156 1
66 0
43 3
29 1
152 0
208 1
217 0
139 0
142 2
181 0
200 2
171 1
132 2
253 0
224 1
77 0
100 0
94 2
5 3
8 1
168 2
155 2
220 2
93 0
109 0
67 1
82 2
63 0
206 2
128 3
126 1
75 1
86 2
104 1
57 3
45 1
85 0
137 3
123 1
255 0
140 2
245 3
185 3
72 2
68 2
125 3
91 1
205 2
62 1
159 2
20 3
37 1
70 2
210 1
211 1
239 0
173 0
218 1
247 0
79 2
225 0
129 0
249 1
113 1
189 0
148 2
19 3
44 1
169 1
115 0
254 2
69 1
146 2
192 1
213 1
194 3
116 1
117 2
235 3
240 1
190 2
96 1
7 3
36 1
250 0
73 2
214 1
231 1
209 3
92 1
207 0
101 3
74 1
61 0
65 0
180 1
241 1
193 2
4 3
15 1
83 1
215 2
134 1
212 2
191 0
177 2
187 1
102 3
131 1
80 2
174 3
228 2
71 1
248 1
35 3
34 1
111 2
199 1
144 3
143 0
184 2
237 0
222 2
122 2
87 0
186 0
188 2
221 2
136 0
230 1
55 3
49 1
135 1
127 2
162 2
106 0
219 0
252 1
145 0
242 1
95 2
198 2
78 3
97 1
110 2
234 2
33 3
58 1
133 3
120 1
60 0
118 2
178 1
227 1
149 2
172 1
161 1
175 1
112 0
201 0
246 2
233 3
6 3
3 0
24 0
23 0
59 0
16 0
56 0
39 0
12 0
32 0
48 0
10 0
28 0
51 0
21 0
31 0
1 3
