1 1
19 2
43 2
17 2
12 2
58 2
20 2
7 2
27 2
44 2
32 2
15 2
59 2
33 2
21 2
0 2
4 1
196 2
103 1
108 2
164 3
142 1
226 3
197 1
118 2
251 2
234 1
189 2
255 3
134 0
175 0
46 3
13 1
99 0
253 2
169 1
186 1
75 1
216 1
73 1
230 0
123 3
135 1
105 2
179 1
128 2
167 2
8 3
40 1
83 2
229 0
69 0
153 1
149 1
130 1
78 1
80 1
247 0
236 2
86 0
154 1
127 1
248 1
35 3
56 1
183 0
195 0
60 1
146 2
66 0
64 0
188 3
193 1
67 2
187 1
243 1
182 1
217 1
233 3
10 3
47 1
131 0
215 1
84 1
120 1
77 0
79 2
214 3
223 1
90 1
185 0
240 0
116 1
206 3
110 0
11 3
51 1
109 2
209 1
150 1
254 0
100 2
81 0
112 1
238 3
237 1
147 3
170 1
246 1
213 2
133 2
29 3
55 1
235 2
152 1
244 2
93 1
113 1
71 2
224 3
231 1
74 1
191 2
227 2
198 1
232 1
176 2
6 3
30 1
98 3
101 1
148 0
199 0
102 2
138 1
172 3
173 1
111 1
200 3
208 1
212 2
114 3
136 1
48 3
5 1
210 1
194 1
219 1
70 1
91 1
97 3
82 1
87 0
85 1
117 1
162 2
94 1
115 1
184 1
22 3
41 1
88 2
132 2
95 0
156 0
144 2
143 0
245 0
106 2
96 2
126 2
92 1
62 1
158 0
124 0
24 3
50 1
178 2
141 0
68 2
207 1
76 0
171 2
220 2
166 2
202 1
221 2
157 2
204 0
165 2
125 2
38 3
9 1
107 3
129 2
250 0
190 0
151 1
145 1
155 0
201 1
122 3
104 1
228 1
139 0
218 1
63 3
25 3
39 1
65 1
159 0
249 1
181 2
180 0
239 2
161 2
203 1
205 0
160 2
211 0
119 2
222 3
163 2
31 3
49 1
140 2
89 2
121 2
168 1
252 0
241 1
177 0
137 1
61 2
192 1
72 0
174 1
242 1
225 1
18 3
2 0
28 0
53 0
37 0
42 0
45 0
26 0
34 0
57 0
23 0
54 0
16 0
52 0
14 0
36 0
3 3
