3 1
39 2
9 2
50 2
11 2
48 2
42 2
22 2
7 2
57 2
36 2
12 2
52 2
41 2
25 2
0 2
23 1
251 1
210 0
108 1
94 1
155 3
161 1
205 0
74 2
209 2
215 2
172 2
189 0
211 2
139 0
5 3
56 1
104 0
196 1
85 0
147 2
81 2
238 1
199 2
248 0
132 3
122 1
65 0
176 1
117 2
80 0
29 3
47 1
152 1
220 3
62 2
202 0
157 0
133 1
121 0
71 1
156 0
242 1
76 2
232 1
229 2
83 2
14 3
54 1
203 2
84 0
221 1
230 0
171 2
138 0
102 2
127 1
145 2
96 2
245 2
86 1
149 1
190 0
30 3
17 1
130 1
247 0
217 0
224 1
99 3
77 1
240 0
120 0
192 0
253 0
89 2
241 3
154 0
184 2
45 3
43 1
159 2
252 1
213 1
216 1
119 0
70 2
200 1
134 2
234 2
243 0
128 0
91 2
144 2
162 1
38 3
15 1
178 1
231 1
201 1
249 0
114 0
186 0
150 2
219 1
236 1
166 0
135 0
250 0
212 2
140 0
37 3
28 1
195 1
198 0
88 1
163 3
153 1
64 1
109 2
93 2
182 1
214 1
107 2
179 1
67 3
61 1
10 3
53 1
233 1
165 0
197 2
115 2
225 1
111 3
118 1
112 2
73 0
78 0
72 1
237 2
125 3
106 1
27 3
19 1
137 3
123 1
180 2
66 1
124 1
110 1
244 1
254 1
100 2
98 2
174 1
173 0
218 1
143 0
21 3
18 1
169 1
191 1
164 0
187 0
181 0
183 0
126 3
141 1
79 1
193 2
113 1
167 2
188 0
142 1
31 3
34 1
239 1
207 0
146 2
177 1
87 0
185 1
90 1
97 0
60 2
95 1
168 0
129 0
175 1
223 2
26 3
59 1
131 0
68 1
92 1
194 1
82 2
208 1
158 0
228 2
222 2
170 0
151 0
136 2
255 1
235 1
44 3
16 1
69 1
105 1
103 0
101 1
204 1
116 0
227 2
246 1
226 0
63 1
148 2
206 1
75 0
160 2
32 3
1 0
13 0
46 0
6 0
33 0
49 0
51 0
40 0
58 0
24 0
20 0
55 0
35 0
4 0
8 0
2 3
