1 1
29 2
12 2
30 2
18 2
53 2
49 2
33 2
15 2
59 2
47 2
9 2
52 2
16 2
19 2
3 2
8 1
232 1
150 2
79 3
61 1
245 0
67 2
183 1
86 2
237 0
248 2
80 3
218 2
91 2
72 3
39 3
41 1
163 1
226 1
234 1
189 2
242 0
231 0
208 2
144 1
139 0
74 0
78 0
190 2
211 0
73 1
32 3
56 1
212 3
210 1
255 2
221 2
168 0
224 0
244 1
116 1
135 2
63 2
230 0
203 0
200 2
153 3
14 3
38 1
124 1
167 2
206 3
161 1
131 3
114 1
159 1
164 2
197 0
192 1
112 0
202 2
120 3
121 1
58 3
45 1
225 0
130 0
162 1
250 0
97 0
115 1
179 1
89 0
174 1
238 1
93 0
148 0
251 2
132 0
10 3
36 1
77 3
240 2
136 0
152 0
68 0
217 1
219 0
99 2
214 2
175 0
71 2
142 2
103 0
128 2
46 3
24 1
180 3
125 2
133 2
171 2
90 2
122 1
147 0
228 2
227 0
138 0
220 1
123 0
140 2
184 0
22 3
25 1
187 0
111 1
191 0
188 1
141 0
201 0
143 2
151 1
62 1
106 2
204 2
233 2
126 1
98 0
54 3
42 1
185 2
113 3
85 3
60 1
129 0
158 0
104 3
134 1
182 0
107 2
186 1
102 2
127 1
88 2
23 3
44 1
118 2
236 1
215 2
108 2
117 2
145 2
169 2
137 0
176 2
146 0
222 0
223 2
254 2
173 0
7 3
35 1
64 3
65 1
205 1
70 0
156 3
166 1
181 0
81 1
157 3
160 1
75 1
241 2
76 1
149 2
48 3
5 1
177 1
193 2
92 1
66 2
83 2
249 1
253 1
194 0
172 0
213 1
110 1
101 1
95 1
252 1
13 3
40 1
154 1
165 1
178 2
243 2
239 1
209 0
199 0
195 1
170 2
246 2
84 3
69 1
216 2
96 0
50 3
57 1
82 3
196 3
198 1
100 3
87 1
109 1
155 0
207 0
229 3
119 0
247 0
235 2
105 1
94 2
34 3
0 0
21 0
28 0
51 0
37 0
43 0
20 0
4 0
11 0
55 0
27 0
6 0
26 0
31 0
17 0
2 3
