3 1
34 2
14 2
31 2
45 2
9 2
10 2
50 2
41 2
17 2
43 2
42 2
8 2
30 2
26 2
2 2
18 1
160 1
141 1
113 1
171 3
155 1
86 0
73 1
236 0
120 1
136 2
99 0
79 1
182 1
139 2
56 3
36 1
192 2
175 1
221 1
116 3
124 1
74 2
115 1
179 1
80 3
87 1
64 2
243 0
230 2
237 2
33 3
24 1
75 1
90 0
252 1
226 2
167 1
97 0
169 0
223 2
241 2
224 3
144 2
156 1
220 0
108 0
55 3
15 1
61 1
84 2
229 0
118 1
201 0
82 2
166 2
153 1
72 3
78 1
227 3
198 0
127 1
129 2
47 3
35 1
69 2
148 0
228 2
170 1
196 2
205 1
248 2
204 0
213 1
174 2
180 1
68 1
83 1
122 0
37 3
13 1
207 1
176 0
242 1
76 1
159 1
60 1
163 1
140 1
233 1
117 1
225 1
215 2
186 2
114 2
21 3
48 1
94 0
146 1
161 0
250 3
244 0
235 0
249 1
137 1
193 1
245 2
185 0
239 3
145 2
67 0
51 3
7 1
93 2
247 0
255 1
131 1
208 2
234 2
190 1
121 2
100 3
168 1
98 0
183 0
71 1
70 2
20 3
25 1
134 2
187 0
172 1
222 2
107 1
184 1
218 0
211 1
199 0
130 3
104 0
147 1
128 1
200 2
53 3
39 1
77 1
66 1
251 2
92 3
101 1
173 0
150 0
95 1
112 1
231 1
126 2
106 1
164 1
157 0
40 3
58 1
152 1
65 0
177 0
178 2
197 2
165 2
103 1
154 0
109 1
240 1
210 2
133 1
149 0
105 0
38 3
11 1
212 2
89 2
181 2
202 2
246 1
195 2
206 1
188 1
194 2
88 2
110 1
216 0
63 1
125 2
22 3
59 1
254 2
142 0
214 1
232 1
151 2
209 2
189 0
123 0
138 0
158 1
91 2
253 1
96 3
62 1
54 3
19 1
81 0
219 1
119 0
132 0
143 2
162 1
191 2
111 2
85 0
203 0
238 1
217 3
102 3
135 1
23 3
1 0
16 0
57 0
49 0
27 0
5 0
46 0
12 0
29 0
4 0
6 0
32 0
44 0
28 0
52 0
0 3
