3 1
11 2
35 2
10 2
30 2
45 2
42 2
22 2
53 2
28 2
12 2
48 2
5 2
51 2
33 2
2 2
24 1
130 0
171 1
128 2
71 2
230 1
127 2
97 0
169 0
79 1
254 3
199 2
182 2
194 1
84 2
56 3
19 1
101 2
255 2
252 0
131 0
150 1
242 0
86 2
159 0
146 3
173 1
108 0
139 3
85 3
94 1
20 3
15 1
211 3
70 0
247 0
152 1
233 2
216 0
90 2
72 2
137 0
112 1
136 2
214 2
106 3
77 1
47 3
34 1
133 0
68 2
181 1
67 1
201 2
160 2
124 0
205 1
165 3
162 1
193 1
198 1
115 0
241 2
9 3
58 1
140 2
89 2
138 1
167 0
206 0
177 0
88 2
238 1
188 1
243 0
192 1
113 0
117 2
81 0
52 3
13 1
253 2
219 0
251 0
122 3
111 1
191 2
100 0
172 0
200 1
220 0
190 0
154 1
224 2
73 2
41 3
38 1
60 0
222 2
249 1
132 0
231 3
176 0
61 2
174 3
187 1
213 2
179 1
91 2
121 1
135 1
32 3
43 1
118 1
80 1
217 3
209 1
180 2
107 2
65 2
175 1
189 1
221 1
239 2
92 1
129 1
126 0
46 3
16 1
158 1
246 2
83 1
195 0
240 2
225 3
228 1
245 1
75 1
168 1
147 0
229 3
99 3
64 1
44 3
49 1
123 1
248 2
143 3
114 3
141 1
208 2
166 0
157 3
109 1
153 3
142 1
234 1
155 3
163 1
8 3
59 1
170 1
110 3
103 2
156 1
96 0
183 1
144 2
244 2
69 1
164 0
215 2
78 0
66 1
178 1
29 3
50 1
145 0
149 0
226 0
227 2
95 2
148 1
74 1
186 0
98 1
105 0
203 0
63 2
207 0
161 2
6 3
4 1
62 1
236 2
204 0
82 1
184 1
235 1
250 1
232 2
134 0
185 1
197 2
223 1
151 2
116 0
17 3
14 1
218 2
104 2
196 2
210 1
93 2
76 2
120 3
102 0
125 2
119 0
212 3
202 1
237 2
87 0
36 3
0 0
23 0
57 0
54 0
25 0
40 0
55 0
31 0
18 0
26 0
27 0
7 0
21 0
37 0
39 0
1 3
