1 1
54 2
40 2
13 2
29 2
43 2
42 2
9 2
57 2
11 2
27 2
18 2
51 2
16 2
19 2
0 2
4 1
89 1
108 2
122 3
226 2
112 2
214 1
139 0
73 0
77 0
225 1
143 1
119 2
94 2
165 0
52 3
10 1
100 1
180 2
160 1
239 2
232 2
168 0
107 2
96 2
76 2
190 0
90 0
191 0
221 0
103 1
47 3
37 1
144 3
153 1
208 2
233 2
238 2
146 2
213 2
220 1
137 2
169 0
63 2
131 2
197 1
84 0
7 3
38 1
159 2
228 2
127 3
132 1
244 0
251 2
182 0
138 1
174 2
147 2
192 1
223 1
71 1
66 2
35 3
39 1
92 1
124 1
128 0
224 2
115 0
242 2
212 0
158 0
179 1
113 2
218 1
156 1
245 1
219 2
45 3
55 1
234 2
79 2
211 1
163 0
118 2
154 0
133 2
95 0
240 2
149 3
157 1
231 2
97 3
81 1
17 3
26 1
86 1
173 1
67 3
62 1
247 2
130 3
121 0
252 2
255 1
170 0
136 2
209 0
250 3
105 2
56 3
28 1
166 1
187 3
176 1
167 0
235 1
229 0
126 2
70 0
120 3
104 1
91 1
83 3
60 0
172 2
20 3
50 1
125 2
241 1
254 0
101 0
68 0
178 0
194 0
80 2
236 1
155 2
253 2
217 3
78 2
230 1
36 3
8 1
88 3
99 1
246 1
148 1
75 2
189 2
206 2
93 2
207 1
82 0
185 0
135 0
248 0
237 2
15 3
48 1
117 2
151 2
199 0
85 1
106 1
150 1
161 0
110 2
164 1
87 2
111 2
109 2
202 1
140 1
59 3
14 1
152 1
64 0
204 0
243 0
193 0
116 2
114 0
205 2
134 1
200 2
216 3
215 1
195 0
227 3
41 3
31 1
69 1
74 2
177 3
175 0
183 1
171 0
102 2
123 1
186 2
222 2
65 0
145 0
98 1
181 1
25 3
22 1
141 3
129 1
184 2
61 1
201 2
203 1
196 3
210 1
198 1
188 3
72 2
142 2
162 1
249 1
24 3
2 0
21 0
32 0
46 0
5 0
44 0
30 0
6 0
33 0
58 0
12 0
34 0
53 0
23 0
49 0
3 3
